87705
93875
57405
98829
88139
80292
29004
21714
90467
34906
1223
18295
84433
56357
98927
59444
79043
99052
81515
82129
81413
44322
9743
9572
47026
28083
2201
61109
4725
29855
65388
18443
31467
14886
37875
70645
29576
89569
496
82015
44146
85946
86817
88235
81244
6222
14766
55274
41688
91977
22601
99476
77081
69662
91870
83680
86539
68313
31751
1626
74621
50270
2990
21677
73881
78212
45936
96911
65610
60085
62313
76463
56537
93279
15421
94615
11692
32382
64897
13334
12675
43299
66908
25520
64677
67908
91504
62366
81188
29548
18919
61085
49593
61760
32088
75823
12612
70950
40653
14190
73175
8232
10094
97476
59399
98892
49294
83567
9259
90091
65526
59071
30831
88955
73345
94443
33142
64497
67331
26198
56612
79847
36309
40980
13147
23505
32817
91734
46631
19346
46350
22529
59708
17136
92234
11481
97491
92917
35718
33059
90078
90312
88319
20146
77179
33990
42949
45484
52048
16433
18569
94371
38879
96378
13435
34634
42988
57805
68478
44870
47197
21694
60594
65331
63485
41020
36003
1587
13563
84422
52404
61491
11733
24864
57496
78153
85123
62231
24863
93818
88979
25809
44681
41956
19702
56662
75397
45060
43431
52011
55259
92349
9878
97139
81264
70764
86077
78152
48757
88715
41800
83287
29576
761
67567
60246
94027
69549
15779
18095
72654
87286
10965
67612
61019
15940
80527
15669
38801
64742
44183
15425
93077
6919
97927
23055
62345
27264
86245
64691
7629
12041
16638
41311
71067
48700
24302
59048
32599
64325
27041
91362
32780
17098
94841
77497
96217
21917
28498
50694
61534
75341
44480
4852
73827
87329
75018
54118
64959
93587
73999
65816
85091
51670
96496
1087
78812
5461
55299
28439
48450
69535
33828
52196
9150
64505
67515
50793
18037
6363
22145
14053
36734
6814
23860
20049
63091
46967
20394
65193
36624
70578
49351
30316
57073
65134
487
26276
57746
16016
64953
56463
61085
51193
83467
205
8436
92370
85705
64565
80871
13647
40936
63360
38636
77610
77050
10051
35706
69393
88243
16356
80539
49004
58481
39679
15839
37217
79872
62152
22085
35873
38027
28418
34522
17751
39318
84429
96770
80222
1866
36423
96431
62271
20029
24534
66046
58410
78405
63458
60946
41348
33817
21888
52876
20260
55539
89611
60943
41917
94017
1543
70810
1245
74032
82137
21097
16784
86665
66673
16524
32616
9924
9511
67620
69951
91954
97667
79923
98477
45562
8437
10451
28559
14449
90779
49432
77041
11696
31043
70157
79599
26755
10229
53517
31013
19893
57244
30638
80070
22887
66069
8896
27769
33587
55590
38448
8020
12593
43251
12537
77617
27898
59719
86111
89153
50493
94719
88686
49891
68251
44977
70167
85355
76943
13447
56849
67895
69435
15959
60867
79672
13905
32553
94190
30672
68932
76217
28607
91017
49549
97122
9122
90377
34429
49785
53053
88257
23884
18648
45942
6427
89367
34836
39390
18289
99513
43191
5911
51265
89424
90209
44337
95492
71810
72223
94604
68131
94475
89185
46106
95239
74431
3047
39363
548
86310
53058
93645
79192
39311
40180
49294
63684
59108
32132
682
82531
26368
22603
66464
36666
25839
26479
58207
68083
44476
29534
82549
75672
49716
13445
13058
31635
84620
82482
33555
65227
85599
64157
98776
61250
54486
66320
6156
57220
5864
36449
35949
20060
87742
6033
48759
55770
32582
12346
71819
53217
36395
55744
61453
99888
51089
81924
83596
12745
16886
27994
37103
85335
81983
95836
11152
36796
11448
88857
2845
26395
43718
96148
35793
24914
74677
2104
23409
51366
79435
41505
7991
72759
17603
39365
33537
28437
94511
8940
76151
62517
95385
25442
10334
59219
37961
77373
12594
70644
14378
56023
78448
68275
16664
9630
75573
45775
8941
25169
20340
65769
43293
31753
41238
8325
85064
8177
10465
92983
60488
27577
52165
72236
71609
92109
59154
40300
69495
79956
55445
23947
6290
45116
75840
78720
53185
31765
72963
16223
23570
95397
59001
31935
41882
11749
7200
36604
62880
21000
29306
96751
49815
15789
24304

