22169
28339
38918
33293
22603
14756
29004
21714
24931
34906
1223
47336
47578
18295
44966
44413
18897
33391
13507
33516
15979
16593
15877
39604
44322
9743
9572
42846
47026
49641
28083
2201
4725
29855
18443
31467
14886
37875
5109
29576
24033
496
16479
35552
44146
20410
21281
22699
15708
6222
14766
44957
41688
26441
45007
22601
33940
40953
11545
4126
26334
18144
21003
42878
2777
31751
46847
1626
9085
2990
21677
8345
12676
45936
31375
74
44118
42756
10927
27743
15421
29079
11692
32382
13334
12675
43299
1372
25520
2372
25968
15652
29548
38851
18919
49593
32088
10287
12612
38189
5414
40653
14190
45071
7639
8232
10094
31940
33356
49294
18031
9259
24555
30831
23419
7809
28907
33142
1795
26198
14311
36309
40980
13147
23505
32817
26198
46631
45271
19346
46350
22529
17136
26698
11481
31955
27381
38759
35718
42138
33059
24542
24776
22783
20146
11643
33990
39599
39662
42949
45484
16433
18569
28835
38879
30842
13435
34634
34710
42988
2942
41743
44870
37489
47197
35066
21694
41020
36003
47616
1587
13563
45480
38399
18886
45504
49800
40477
11733
24864
12617
19587
24863
28282
23443
44731
25809
44681
41956
19702
9861
45060
43431
26813
9878
31603
15728
5228
34909
48057
20541
12616
48757
23179
41800
17751
29576
35117
761
2031
36698
28491
4013
44573
15779
18095
7118
21750
10965
2076
15940
14991
15669
39223
41666
38801
44183
15425
27541
38297
42126
49228
6919
32391
23055
44798
27264
36837
20709
7629
12041
16638
41311
44850
5531
48700
24302
32599
41854
27041
25826
32780
17098
29305
11961
30681
21917
28498
9805
44480
4852
36988
8291
21793
9482
34745
28051
8463
44911
280
19555
30960
1087
47048
13276
5461
28439
48450
3999
33828
9150
1979
40711
18037
6363
22145
14053
36734
6814
23860
39851
47428
20049
37923
41347
46967
20394
36624
5042
49351
43318
41691
30316
487
26276
16016
17931
205
8436
26834
20169
15335
13647
40936
38636
12074
11514
10051
35706
3857
22707
16356
43885
15003
49004
39679
37389
15839
37217
14336
22085
35873
38027
28418
34522
17751
39318
18893
31234
48589
14686
1866
45547
36423
30895
35391
20029
43226
24534
45755
510
12869
34942
41348
33817
21888
44235
41797
20260
24075
41917
28481
1543
5274
1245
8496
16601
21097
16784
21129
1137
16524
32616
9924
9511
2084
4415
26418
36595
32131
37817
14387
32941
45562
8437
10451
28559
14449
25243
43857
36507
49432
11505
11696
31043
4621
14063
26755
10229
42362
31013
19893
30638
14534
22887
533
8896
27769
33587
39204
38448
8020
40840
12593
43251
12537
12081
27898
20575
23617
49311
29183
23150
49891
2715
44977
4631
19819
11407
13447
2359
42356
3899
15959
14136
13905
32553
28654
30672
3396
10681
28607
25481
49549
31586
9122
24841
34429
49785
22721
23884
18648
45942
6427
23831
34836
39390
18289
33977
43191
5911
23888
24673
44337
29956
6274
6687
29068
2595
28939
23649
40889
46106
29703
8895
3047
39363
548
37752
20774
28109
13656
34871
45545
39311
40180
49294
43273
38452
32132
682
16995
36926
26368
22603
928
36666
25839
26479
42190
38972
2547
44476
39748
29534
17013
10136
49716
13445
40906
13058
31635
19084
16946
33555
44735
20063
33240
784
6156
5864
36449
35949
49270
38178
45337
47892
20060
22206
6033
48759
40783
32582
12346
6283
36395
34352
16388
18060
41400
12745
16886
27994
42811
37103
19799
16447
30300
11152
36796
11448
23321
2845
46814
26395
43718
30612
35793
24914
9141
2104
23409
13899
41505
7991
49296
7223
17603
39365
33537
28437
28975
8940
10615
40274
35880
29849
25442
10334
36372
37961
11837
12594
5108
14378
12912
2739
16664
9630
10037
45775
8941
25169
20340
233
43293
31753
41238
8325
19528
8177
10465
27447
27577
6700
6073
26573
40300
3959
14420
23947
47199
6290
45116
10304
13184
31765
7427
16223
23570
29861
36219
34483
31935
41882
11749
7200
36604
21000
29306
31215
49815
15789
24304
8897
16491
7024
14864
2825
18559
26536
22404
17552
19015
13959
9415
5544
30177
18644
27606
21905
33543
7119
12358
6716
31047
36301
347
35970
42806
28509
49551
41616
138
43447
21699
36348
4046
27936
7016
17981
45352
277
26624
5740
7096
37366
38322
29277
24054
9883
15854
35401
22927
21978
39567
2766
4727
31866
24973
8042
42878
43535
5751
46626
45346
4528
11995
15092
42514
275
10487
17650
43145
422
45014
14768
94
13855
47124
30315
3955
49269
10249
35185
20737
30984
43064
1608
25716
30549
10299
42765
13224
16810
33278
27529
659
17937
20397
38249
42860
35287
42246
46310
33640
20228
11954
4651
3566
11691
3107
15957
17601
7266
27860
15338
27553
11374
49249
26588
47896
22209
15511
11182
24563
17202
32472
31198
27125
13333
9627
489
28054
9812
32545
21905
30033
14634
2303
41688
44935
9872
27723
22100
20741
3591
45275
19952
42291
20886
27244
37131
11979
6308
22180
35274
31597
21472
30199
20886
49932
43913
5830
14006
21641
30997
45721
31892
2304
17609
35310
42566
12300
17649
45852
48453
36927
32069
19462
22586
35563
26107
19012
43437
19105
4034
47075
1503
8378
23587
48598
38298
42259
723
41281
855
32967
14456
30287
28687
36988
4678
43074
14155
36293
22904
6476
38292
26571
45837
9052
38418
26645
49111
34255
36736
22504
10398
44024
11023
37244
33430
15105
11004
48870
1972
24484
32102
18620
23498
5644
28080
41171
15104
41606
15013
26406
23439
9769
6247
9114
15599
38554
3978
36635
35563
12273
17181
40765
27621
28597
41554
49615
28354
24383
24558
31150
20602
5921
36519
18498
11054
31916
47976
37843
36363
5377
32314
1634
16500
6693
26147
39837
26392
38991
46179
25715
461
43075
49397
17863
41708
1442
38434
46644
34532
6970
10249
17744
42002
22170
36343
43008
2922
21605
645
48039
18203
49064
12451
19760
12956
35363
15592
27405
3480
37365
46405
35728
19689
29595
23200
20622
18853
3531
3674
38641
12123
37593
32983
43239
28853
7047
31026
1239
48238
32618
80
46300
37949
16129
45810
17240
35438
11888
28596
22459
15829
43634
18147
31427
10258
45909
49674
44521
46500
17339
6213
15002
41352
15106
5725
32676
21706
2802
20897
23234
20890
17673
43338
415
30657
10099
10208
23555
43825
29230
22119
47289
14993
35754
34096
25632
318
27021
29518
14721
35991
20526
39557
43661
1722
48790
37157
28163
41642
40423
16255
25393
14780
38012
9873
29680
17341
27039
16567
48238
39967
48159
25580
1436
20006
2172
49225
2933
12161
10892
37130
30538
49049
39279
47019
15647
31281
12137
10202
22111
47586
12472
11803
46695
45682
2508
40347
43027
43118
10906
46223
28563
18032
44243
29328
35848
23592
39383
30622
29899
39197
19581
34023
48505
24329
11402
25555
48144
16632
26061
25197
45992
39242
46988
33400
13446
15299
26969
12129
673
37567
42541
29892
1551
39203
44607
44484
18704
33383
39501
41579
28403
43681
12900
19309
11919
3962
17428
42382
11202
10416
29053
27299
33859
5227
29702
25995
27748
7735
14148
35299
9274
9303
3717
31941
25755
10912
49853
23239
49473
22287
28459
48002
47262
41
48741
42686
9216
12447
26247
42886
49421
45592
5557
17278
13498
19368
13406
19827
47337
46604
46553
13510
4173
30707
25237
7302
26187
37844
19651
5463
4096
44101
13999
8026
24965
27036
48503
26990
2288
21244
43979
20623
49133
41036
113
9355
41151
46537
1844
2166
10584
12246
37769
24206
452
11590
5942
6994
17955
7874
287
17629
11846
29668
25335
6093
17243
834
49820
15879
20974
42712
49197
1216
15925
6298
5014
48067
26314
39175
10677
20441
15788
32233
16974
25482
42284
17623
48796
29573
39007
3543
11012
7057
30519
2823
22450
34132
10632
5385
17783
39310
7711
5394
24455
9959
18133
28663
16654
35735
43158
26256
11077
15272
35332
23611
44574
5089
46928
1291
47509
15870
5396
17958
13589
48134
13355
22654
47222
22095
1967
46276
44494
18918
22993
19146
12756
49549
42185
49363
13436
4743
22983
35972
48986
13126
38204
40799
16663
3577
23759
42666
23600
1082
6027
30831
46927
36189
39329
15031
32182
40516
2962
20684
33258
24732
17344
16864
19081
18403
21131
41593
4902
49728
7928
9078
1935
10067
17292
40483
10546
31271
8303
40257
33845
35298
41904
17010
6302
30547
34687
42710
4121
49830
5776
197
728
5168
9964
42644
42448
10183
29004
25337
12902
19510
36919
7063
40393
49073
16455
48831
9933
13295
17409
46091
1188
17072
46765
18967
23357
26552
1456
22196
26746
12421
44475
33783
49228
28201
20522
6616
14318
21674
25750
20280
19498
45504
23618
46614
14485
21673
10038
48512
43634
41251
3677
6368
28106
35160
2397
30883
20724
32993
1411
17689
5732
12570
47417
34519
42441
17614
2301
18484
1988
6649
31109
46876
1644
42834
4361
8969
44106
649
3869
4214
1872
40401
8083
14233
49862
23510
12003
36626
47777
32554
38485
448
12122
30377
47748
15983
37731
47118
21101
36220
32942
5677
46655
46357
22248
42096
29437
20784
17628
11331
21758
47219
2788
48799
28945
19105
3560
35221
31672
8354
44626
49366
1206
31467
3516
20394
16897
19820
6958
40255
14418
5728
20035
32075
25997
16045
23574
15991
33647
16132
28558
25954
13775
43669
8488
32975
19643
31922
17455
23753
6579
45470
29623
16714
33375
38485
12419
1118
28446
34647
19177
7061
3766
8377
29940
26707
10102
11910
27358
11067
427
12847
24812
43921
18570
36458
22106
44419
1769
9869
12129
17774
7413
29084
25765
43665
10368
28148
5439
14507
5225
31260
43072
29805
35769
5609
12264
1340
21885
1987
34220
33400
18365
37231
23060
44424
20913
23370
6522
45114
26424
33387
23483
4617
39391
6825
14449
40809
23163
29680
37840
16625
44168
49858
31264
40491
23256
45417
25659
10841
25271
30979
46307
38614
26178
13579
6518
9725
18805
35324
29667
14130
11214
41968
20404
28962
36514
11905
14015
16955
35807
8183
47914
45173
23445
40193
231
49822
42640
32972
22421
1818
32471
48096
10407
44911
25929
45780
49163
35187
17389
13888
11859
10038
20756
5160
23000
356
3235
28487
48377
43832
18261
11353
13609
7680
16681
40393
1096
31296
33050
12616
38198
34941
40011
5490
3291
27634
36973
21608
9004
36954
19296
38650
49292
37393
6636
32813
17812
1286
30734
5575
781
12695
36483
46035
25120
45838
23379
33792
25867
4470
37561
16036
32919
9524
18567
23635
19065
3486
11516
27277
28747
16710
12795
7234
2917
25288
46625
19146
1668
29217
18323
24288
18168
4327
22267
13294
28868
38752
15103
3875
31839
7584
541
26863
41693
21715
48248
35447
37302
21487
29910
20130
49579
11068
5683
18165
822
38180
49361
49002
34880
6110
48645
8371
5158
27650
20726
7672
44633
26749
15478
49462
31493
46572
31584
25754
5835
29287
11392
9689
13552
10293
12380
29186
8000
26826
36322
10652
29188
11665
16002
46405
21411
35198
49114
41711
38849
29802
28350
4017
31137
34190
32417
28463
13780
48443
46143
14846
36733
44904
47287
18505
35112
13554
28360
11700
11333
11843
39216
9102
24353
39134
40286
29009
8758
28255
10618
47174
28723
15600
42961
36105
3905
1311
40342
49238
34639
43552
21919
8680
5641
23530
13822
42736
7312
6371
24275
2370
32875
17843
34150
30617
17653
45880
47057
8307
19629
469
19832
43744
48594
31498
21981
28086
32017
28370
48041
18402
30335
42284
23909
37523
14722
11115
27191
3044
39646
7024
3182
19092
35022
9432
37455
38443
13006
17089
13153
48236
49847
39086
32394
10804
33177
2714
21839
36947
47774
45562
4241
7683
28437
18949
40202
30323
11111
6152
22055
31606
40607
45053
14925
37216
831
8061
45760
28107
525
20856
14452
27285
24800
14450
20217
24203
24527
15814
40310
40116
12468
13610
39127
44334
42320
11083
21914
21828
21159
1228
32850
45000
46566
33934
1756
24584
44740
47687
21516
26638
11354
35225
4059
43840
15719
42458
31709
34925
14311
4232
5471
38268
48615
6140
20134
47175
7829
30223
18389
16129
6154
31806
8561
49019
26462
15261
5496
6263
43042
11445
39235
37924
29607
21480
16328
20788
402
48498
45414
44706
31242
48046
16748
17973
16064
2002
27460
13697
9326
21186
17439
4932
8749
5678
27272
698
35969
41118
24884
20527
30996
24925
47193
10648
16179
27409
35892
18876
27318
34658
2206
18433
2572
37257
45158
21394
40123
31504
32249
47702
6449
27199
41408
27659
5498
4876
24794
29712
21156
12678
48950
13768
40958
12217
4042
31387
17985
35842
47940
26796
3264
10803
36923
30421
40863
16109
25521
45860
27904
17763
4851
24587
7602
4286
37464
26755
10913
27840
46712
47538
22657
13323
31398
14376
40619
24760
44918
3057
19612
42843
37033
33206
2742
12878
49329
20854
37344
39758
41110
10061
1757
8210
48257
16147
27014
5290
4828
16647
22167
25920
4656
13014
28548
42680
8236
9071
27346
5154
24731
27995
12786
28415
44592
19487
4446
23076
22259
36836
48241
18824
28068
49527
22694
37269
5391
20038
47399
1560
11273
19160
15441
22504
21167
2870
20304
46090
12086
27025
14291
12508
21978
48943
5709
17627
37074
49309
54
23697
37926
17787
41100
19607
47214
34770
14188
40228
22142
24526
48035
22525
42288
37721
36192
27463
5183
9078
13622
34390
9069
36250
443
42747
9397
8443
30146
36896
25783
4894
13072
26065
8044
21461
12603
44638
40200
33518
16805
14471
28242
21886
37272
29742
33710
15393
26469
43625
28839
8273
27711
195
19477
4858
40617
17459
6681
4859
20869
10135
2135
20505
1323
31176
48275
22361
26187
49654
7784
6841
4476
44406
14215
18162
21709
17425
8283
34912
22756
45564
32964
3471
24609
145
20244
24317
46570
39453
48735
5357
17344
25316
6121
39563
44536
18792
5516
11017
37529
5924
35350
12362
39971
36820
13929
32449
43062
40610
20016
45556
34743
29109
43331
24214
14069
25019
30736
44092
18020
29565
48532
8158
24988
9498
1105
9877
31795
25569
11420
36824
19150
48890
38383
22921
32296
31769
19421
34085
14814
8026
26591
42490
27317
2078
8681
41588
47119
19186
4262
44115
12865
41929
20708
43785
2952
28898
4922
38232
37569
26199
12528
34112
40622
18497
27123
5295
7079
8606
4906
15210
40688
10199
32164
6634
46061
14154
16011
18684
35302
20133
47945
23498
7871
25143
23450
43383
19031
26102
21683
38578
5854
3161
3399
12987
38258
27731
16556
9787
43366
48126
27524
15924
42169
38819
2946
41200
21856
12638
4638
12050
12927
44211
32236
49309
39491
24674
47145
39989
23396
19754
46763
33793
16054
22432
24977
1983
38993
4241
4594
19213
6999
4111
46063
10112
32802
26676
35025
48641
13240
12665
32455
49444
39760
33039
3545
12135
16406
8517
33933
6914
39510
46487
18363
27420
22645
7044
18548
46703
29436
27862
10414
41477
29402
14746
27077
31110
2826
26084
41983
209
13521
14502
15411
35913
37679
12127
15317
26199
1462
5317
23577
40210
35116
14157
26925
43553
32194
32305
32082
15526
22784
45834
11979
35214
21064
32662
4956
45921
480
6327
945
46041
1316
6583
32262
46895
27495
37110
26331
24738
27141
701
2172
35710
25428
2948
3457
37328
11083
32964
47709
31593
24533
13901
20689
24467
6961
40392
2336
40552
39760
12655
7301
42379
2219
42299
18664
40763
36223
25443
24244
41326
9958
29923
8428
46725
25167
4771
46627
9869
42549
35331
32770
47751
33083
23562
13516
35787
1708
23192
19473
22192
6057
12768
39682
8140
1300
665
48851
44937
20786
32285
35436
34067
27077
4322
8293
43833
49072
20707
26226
35581
18226
13679
3265
42275
49819
32120
29599
2301
39402
17693
27368
11701
22097
31551
13012
15576
15899
2057
49944
36361
43151
44505
4634
31320
15034
24653
48131
31699
11716
36225
46726
1531
10829
16028
124
35489
3279
12835
29124
15774
14242
45125
4774
42585
20997
39230
18193
6951
40775
31145
41383
26616
43649
34482
18938
20613
23818
12920
11447
47648
2872
9816
14247
39220
49486
26254
45328
24276
37464
45524
48388
33802
36815
8577
48522
17336
28058
11328
49630
20777
46343
485
35967
46929
34545
26291
44746
558
29664
42090
31166
37483
47962
1994
9873
40449
15563
39425
23143
47529
1056
9694
32147
47493
588
37690
42684
39863
3389
42535
11816
33794
9320
30738
42680
21003
45270
45463
24148
46221
44351
33712
15216
6139
11068
47754
25606
8858
45017
16058
15284
47258
20620
46917
498
25054
22657
14751
5163
42948
36159
16748
1844
34411
28623
26180
3146
29557
1694
26537
35567
8816
40186
33686
45565
16436
38486
22362
28066
20794
42840
41178
26147
6382
46025
37050
26182
47346
43194
43584
20652
47525
44897
6413
30690
13643
18285
48895
14783
41766
4394
984
48292
17157
12183
13594
4338
38656
32074
11449
32046
5484
14726
32769
23181
7089
36620
20032
31611
20628
39494
15974
24296
19637
6888
7996
9223
35816
35037
18190
41807
27577
14061
18461
14126
25255
1990
11895
7112
16073
15113
16842
49043
8127
8850
33631
16678
26652
49653
39795
30633
18998
29547
18493
47541
35166
36881
25563
6967
47223
37467
20069
3752
7677
29584
12923
49055
16359
16152
6395
10754
44852
994
38304
9399
3730
16765
13034
44007
33345
6502
28244
23590
27684
18876
29106
40780
4825
37334
18929
27726
28037
26094
5388
45503
36123
39115
26443
10523
11314
47161
43869
19133
404
36546
11409
35030
25405
39409
10157
25584
7132
10188
17245
49640
33894
10355
4847
16352
5883
19968
34732
46936
49333
17655
38543
20147
42037
43954
7932
49812
33312
19951
48407
10215
3829
34040
2896
43195
24663
37901
13620
34347
38007
2350
25617
25316
39805
5893
4201
29713
49229
48922
20145
4277
3537
28385
43993
1638
24093
4825
5333
45923
39395
38163
2611
2274
43091
49323
2895
37924
43953
9909
39184
476
49522
37416
36919
12466
29292
11523
14101
30980
12537
13590
33203
13201
30138
7105
18388
33714
44909
42970
6488
16580
16751
31426
20871
26127
40918
16385
38479
19002
49505
40745
32549
14041
9026
20315
17753
37631
25211
48738
45966
38077
3454
14802
33040
12648
11593
2485
47181
39392
2366
45382
17874
48722
49788
11817
31341
17110
45476
36069
34832
21264
37866
3498
42664
40860
35353
28088
39250
3623
20772
14408
21076
21702
7018
19442
26854
21850
20443
40545
4218
24238
33980
20986
11472
1553
3267
44471
44912
34113
48756
5023
19141
8906
190
48847
43820
11265
11733
20442
7863
10079
40821
15702
17434
35031
18713
25892
32791
49823
6138
34330
14527
26448
39220
9049
3785
3341
33364
41389
36422
38094
43438
26975
24625
16233
12015
36916
16669
40205
41185
37978
3778
2331
48043
3625
14959
34387
26397
5005
38057
49030
10942
36781
46156
29575
43286
15907
36642
38784
7049
45880
48045
29871
7498
38825
9217
25579
42059
44058
15910
2170
15585
13718
33788
5580
2744
33117
584
297
47343
32137
953
10744
48662
45164
7986
48473
15244
46544
12359
11769
30715
28006
3589
13451
11684
10953
36224
41140
25000
28169
4117
31078
18726
40848
5879
10662
26261
37460
37697
13016
5677
601
13887
5382
33331
30549
21169
22173
20296
36926
16042
21939
35150
11127
39228
20059
48444
37521
11292
3503
29846
10946
24744
27152
3843
5235
7000
1868
43470
35319
22893
35641
33881
10158
49670
49370
17521
11027
16085
38867
19543
7881
30949
23434
5699
15700
549
39724
36742
17197
40562
13933
34280
37745
21476
6308
38233
37211
41118
41653
43285
4086
29687
48139
26894
13552
27221
37765
29632
47762
46321
18364
35039
4736
6640
17471
17692
16765
31166
28719
29976
2448
24200
31060
47837
49814
33192
19818
33244
2386
33910
9169
33841
26536
1801
11876
14630
13329
26369
2157
12119
2155
46940
39524
16262
22788
5071
24178
35461
31507
12459
37291
41721
27012
26878
45634
488
8044
34959
17058
36216
11733
6590
49114
34566
44069
1440
22944
26805
35285
48070
8240
41549
36884
29286
34506
22969
6766
43936
25758
35782
5834
24073
10508
39085
24264
19672
46637
18428
33405
29924
4920
14362
5983
12930
35101
42040
27857
39454
30516
46842
9070
35465
44105
10154
45638
44651
5685
10969
16954
11274
9143
42601
35719
46044
34756
40208
32622
13121
21139
48810
37855
14592
45171
33673
38316
13026
564
15391
26092
1663
38228
6502
22087
45002
20039
7128
14246
46660
744
47331
5970
1178
2486
11742
21037
17968
2469
24298
27530
48321
46495
14979
34007
44514
9811
46581
36232
28329
22072
7110
9603
35548
13367
39292
3545
23700
40478
12983
38907
47321
34658
21823
12607
27064
35640
41968
21364
26824
36579
39520
32579
45983
13047
5602
23263
3631
21139
23083
34447
41710
11856
4048
12615
18170
27006
37352
45429
20541
33310
47293
3619
11544
42990
38365
6717
27895
15147
17285
36761
26929
24085
40822
47057
27572
14814
28539
37336
42051
44971
25712
21314
16218
29851
48392
29650
27245
12207
37953
25297
46580
30934
3142
39892
36679
35905
6162
1210
46104
6478
33048
15645
3809
33937
44020
33970
49768
16114
38148
2452
13470
12178
21986
27056
43421
12227
21199
2441
12330
14450
40629
597
1849
24005
15790
20950
7034
9914
14592
32469
10607
11039
3619
13191
17852
27337
6600
31483
430
6853
14487
47754
46992
26677
43224
27836
18240
5705
3507
26432
19132
38430
31514
7433
11125
35395
34024
27260
43893
34805
48769
21794
39751
14938
36338
18501
42560
23142
37352
37500
10154
21250
24896
45875
42512
1097
26083
20349
17872
5683
14046
3767
23848
39414
22483
12579
4969
5436
4373
31001
6615
20873
20691
27169
15447
330
3226
41315
46808
34121
46844
25435
23308
6041
21075
2764
34113
28751
8868
3732
30726
4973
19337
12681
37070
13358
40792
26657
11834
24209
19431
36021
19606
39195
37455
43462
24742
20072
29041
16219
17777
25741
39936
17250
11455
23638
5273
4896
44584
38505
22871
1148
282
3874
36570
47304
1416
29041
45087
697
28316
25433
8824
19005
22480
2797
49660
28399
40368
1668
28573
22721
12475
8223
20351
36168
7623
13064
11449
35791
45937
32444
48896
40051
36709
28329
18948
5469
32316
48733
48426
17678
3760
13281
12379
3693
34075
31143
34549
32554
28025
10918
3882
10719
11711
11988
10729
21216
34214
47191
34309
39310
35812
42643
28331
48564
24199
36231
31141
31768
19148
19797
8322
13196
15143
39951
36640
11987
16514
27757
24528
26977
39408
37344
10007
2044
28531
37004
18809
18707
8763
46534
20475
39887
40962
27511
42118
9201
35043
19074
2084
6419
29753
41187
7336
13096
49430
18949
134
5277
45344
2451
30120
8543
20609
5580
40962
48996
10856
32848
25002
13539
31589
35769
10623
8671
12588
6630
16738
22493
22516
44474
19997
42414
32361
18427
820
42423
11248
39778
36560
41969
10513
19043
32162
27739
42611
29995
16287
9698
7997
34320
27577
27319
47184
19592
18909
15906
14824
13077
3714
16121
27129
10315
25619
23044
11560
44972
986
47605
45702
47476
11175
10068
33979
48193
47892
45381
28870
2650
10849
45006
4293
44284
18579
24101
48863
28427
23628
30685
37708
45105
20045
41395
43070
44258
25773
35468
12186
46013
36332
7635
26625
28369
34457
32951
10149
19607
40972
39903
7182
27123
23875
10836
17272
29052
16755
49356
15566
8162
31570
16073
2438
41978
28805
33511
8235
8526
8887
37799
22848
37730
45721
44261
8527
1364
32549
49454
14464
34611
22762
14900
34896
44098
2845
17886
34140
30673
11904
982
28350
38818
31912
9296
2405
10071
7312
45558
3806
12109
4280
16453
43898
41425
38421
14160
34540
37474
3760
42661
18751
19474
33577
33911
27270
15718
24701
11861
11783
12671
23097
37120
17295
4835
25734
29074
33403
10901
5388
17415
16317
5933
1075
1503
6272
19589
16234
20620
41391
38859
26702
24696
6204
41676
12181
46778
19359
41198
27793
20419
7365
9324
14073
28864
47294
43697
468
15602
30895
3637
41764
36124
7948
8109
32055
25062
10504
47397
28103
11810
22834
33024
34943
8632
20565
20718
23631
16052
48923
19688
18650
43673
31687
35131
1256
37918
40536
17966
10990
34625
18721
14082
26227
32484
20183
33941
43864
9755
13561
41569
20891
7743
2447
49684
16179
42357
22025
25039
18954
45426
49367
3531
8160
5357
45971
16590
29107
2682
46805
33223
13155
34650
3606
16817
48994
12478
13017
36590
12974
11502
3748
32032
31563
21118
39329
26167
37569
34431
37507
37730
44400
18998
23669
47060
31834
24056
17035
41637
27968
20211
38216
49022
11875
260
21420
46506
42682
38939
591
22222
25298
4679
8875
46159
45774
8240
39138
46790
39848
20387
7599
13891
19472
40998
26489
39040
7773
9444
26567
49923
32340
38960
2290
11417
5336
37938
31951
18152
7537
33949
49548
2844
14561
21760
22120
29006
34000
28723
27831
21648
19329
36288
7279
23007
48748
36464
26285
21665
29176
34467
14654
19862
1390
25794
26835
26152
23830
46797
35856
27605
34157
45349
15048
40206
31950
34163
15793
1611
11744
25320
3884
49849
16938
13963
44427
40763
28442
27681
48361
8034
9885
10503
44714
17105
40626
40471
48346
23170
14589
48580
28522
18326
37242
21349
42761
10055
42185
47602
12592
25078
2121
28645
3509
20636
29910
24964
24085
19239
45847
48781
21544
7186
48681
23370
1076
14125
5359
39612
21173
34870
48480
14584
16749
25608
33933
22978
37201
48778
41437
36236
19051
17528
39772
36822
45774
27671
9958
5942
10533
40930
42907
34462
34799
426
11209
36286
29401
2397
2390
12035
1539
17982
20986
44758
65
513
49494
30689
43307
40946
45988
33608
18850
43422
15561
4351
18063
25765
10515
4208
27970
3093
37457
25569
10986
40523
42406
48845
9310
9583
43242
11657
41320
12337
33579
17914
31184
17482
2705
43862
4080
42152
15607
13858
18604
18993
39230
19678
27816
938
5798
18105
19175
40825
4463
10072
23012
34567
45677
24251
5995
47563
13920
11381
33094
31686
11097
46601
3491
3956
550
42342
49650
32351
33507
37115
10301
36530
903
20056
20064
44454
47364
23921
9512
24363
34555
24025
11913
37410
42682
27163
24752
33032
393
29538
14246
19824
46246
22917
28820
20671
19606
32135
30171
6090
37316
42674
7139
29155
18885
39376
25311
5264
9012
6746
2496
15516
46150
41392
41524
32477
12339
15957
37583
38658
10286
33515
973
41160
24280
37465
9502
10180
45352
38728
27641
31942
12584
27113
27524
49013
47914
730
21877
32485
25722
11889
30240
14414
11837
6587
7912
34696
27963
6514
13961
47018
266
38029
32180
11084
22239
2887
47586
34343
27249
21993
34432
33178
13202
28470
5477
6374
37311
48480
4356
5877
30764
4640
4034
30022
39353
41608
47811
40814
18909
4302
45047
36562
15816
40120
18764
10974
21185
12624
30568
40819
6632
29203
30334
28192
33328
40183
6586
30065
5672
12376
21012
48547
2778
36333
44344
31771
46461
7626
5267
42152
47024
5251
3986
18210
44461
22043
9384
30220
49698
12242
39331
35080
5444
11621
6345
6364
20881
32796
2665
1588
27829
2117
38548
27656
6030
6892
34687
17892
14470
15645
48670
25493
31253
38642
25946
26175
12963
40341
31150
6301
28245
17636
10682
1418
4078
20819
10950
30222
31668
33282
35636
3867
27774
7320
7850
47579
3649
22830
27521
13512
15609
10117
3033
2590
13596
10647
14733
14094
21676
47480
38335
39569
28019
16642
5573
36899
14250
32424
19629
19672
13886
43710
22390
32295
5227
25856
26013
32973
17560
7466
4133
31072
39743
14385
44821
28151
12296
12194
25013
24043
38379
149
36906
42299
24015
38313
42367
9648
34972
49035
4222
44102
18168
4184
46999
48235
49854
33406
10430
48310
46446
38585
11930
48337
35838
26103
14855
13552
45134
27210
22011
18260
4432
45625
8897
5747
20359
22553
44825
3729
48122
26251
27600
12637
9712
7823
2789
36067
35920
30771
9130
13633
22769
18715
27528
43049
16594
31098
33166
11375
25800
35567
7697
43308
611
11222
34262
38259
43694
42856
31141
46275
43528
31935
48538
292
25265
49915
34922
17879
35848
49039
1336
3208
6813
9486
41008
20217
35764
24979
11715
14621
46748
22024
22338
26410
49258
22724
43517
10012
31465
46263
12083
15351
36384
33268
14793
6491
27307
19454
38018
9573
47554
18142
29531
27789
14847
3702
47380
31869
11997
8355
2476
26913
19479
73
40139
48599
26382
24407
30085
43968
27448
7801
11431
18654
18344
29264
45987
24259
33435
32907
34163
5998
35676
31315
8415
15599
2432
20361
31989
2816
12553
18689
42375
574
33901
10760
33073
38567
26211
30330
40743
4110
43504
689
10844
2147
1159
21533
38745
12351
28205
9068
8876
16487
33876
34935
1509
71
8414
4081
22839
35010
4149
25066
14327
42786
15258
35518
48528
21401
28518
24865
32360
13119
3934
49609
17129
32402
13438
39807
7242
23403
4283
1909
17194
8493
4006
11188
22290
14371
8507
22800
37909
28687
8605
16562
8545
26377
15586
47859
6097
20208
1950
13253
3934
16963
48505
17632
23337
3151
20973
34140
47586
22979
24630
3150
20057
41607
38330
29549
2649
40703
16756
36162
27986
10029
44306
41523
21091
2023
2751
28114
47931
10662
33241
34002
12670
25693
9155
6971
5709
45436
47355
35903
25742
18191
18356
28974
12665
19574
49999
42190
30321
46296
7305
29327
2062
40575
27676
11857
36137
4313
9605
8114
6641
12816
16427
16309
3027
30996
17978
15419
25190
41524
40093
47400
26031
668
4590
13567
27008
16716
779
24008
9836
31452
11471
25354
19392
5133
4978
9019
17605
36804
32447
4358
39683
14317
28872
4746
10791
40457
9944
16813
34218
49041
5506
1835
2916
28439
14361
18552
13952
12896
8094
14599
25388
4795
9037
16732
18349
30137
25201
5507
12941
15621
7811
24462
3506
11800
49100
29656
7612
15891
35868
32299
36632
732
20052
22521
32363
517
44969
20326
24612
43011
49002
39928
19466
44565
38659
4274
45757
31098
1769
18989
10700
5052
41295
35482
39748
34000
2770
9097
24933
23951
34589
15948
36002
16167
41592
22423
7598
26884
39739
34328
6146
21876
31377
18310
39103
30033
24386
1859
39214
26165
46096
43639
22030
17834
21307
39277
46959
26671
44800
826
48228
7819
13247
14597
38446
24330
17349
12532
32713
2547
32519
40177
32167
48879
13860
9769
36882
16815
26774
21244
25113
43341
17693
16081
48749
38381
32845
48173
37184
9618
44060
19397
25598
28573
10261
9565
47841
22372
46823
26508
4495
42646
44907
3093
15592
4478
27885
38206
20372
354
45644
9267
5304
9728
14442
28637
42993
13440
48113
11996
6667
39090
26050
32102
7436
57
39876
31365
35041
23347
19151
44053
27237
23555
18310
38424
39818
40032
22599
3486
3631
45019
17292
47437
4454
28385
19894
9382
15929
47215
33994
35943
34651
47598
17344
19307
1231
4777
21104
23936
29787
23526
44659
20606
15584
49098
14846
633
14419
45475
2774
15388
6539
14975
46001
15262
35496
47410
41084
27189
26593
29300
33669
14503
2547
26583
11411
24490
33416
43728
12066
13059
18777
36439
44765
47642
2538
42446
1405
6980
10116
35793
46865
11263
21394
25117
1880
35931
1063
32392
26676
49306
3373
24789
18136
12921
20586
46368
47060
27044
36845
7469
4725
2273
15662
19160
18614
29610
35671
41938
24992
49506
24995
7890
20367
9619
37220
34695
28983
43626
9387
47749
19744
34634
13122
8762
49275
10098
6150
3830
25825
26242
14033
48060
17517
35087
31755
27433
26149
37690
5352
49452
7955
17679
36613
23914
25469
4474
8995
49952
10274
12718
38033
34515
6650
12436
42199
15834
21913
18377
8306
2212
20200
18828
42798
41355
35426
19601
39456
48379
139
41073
10902
2712
46476
21322
47485
11046
14423
26721
35970
6257
43960
40377
40265
12919
32544
34844
15760
7484
47322
44603
28034
41620
7443
34181
49137
34453
43716
6923
39287
33248
25423
3324
16539
23867
35492
27072
44175
19595
13634
42818
38664
34059
27268
24746
37857
41804
4048
19854
5671
1545
7368
44471
11162
5522
661
41976
438
23444
16854
38644
10894
26986
9514
32475
45893
8611
40119
31179
26679
27861
35813
4074
44139
22924
41629
24387
26059
27100
36179
19454
22175
8292
20969
45090
14522
43779
12533
33946
2021
40505
36548
4824
30266
22548
49253
42260
4296
10948
6352
33431
37050
47981
35360
47442
28825
43701
20029
7172
8783
107
11275
4440
28503
3133
13107
222
43991
83
18928
39010
32425
35279
35783
35903
29630
4986
1516
20152
46875
14510
30252
27028
7186
37159
21657
49837
30546
41763
8728
41362
15419
12170
35055
2456
19417
31477
5967
6758
2140
21291
16197
11323
42062
39629
32103
15744
16397
8488
49149
19252
7464
44081
36566
24865
16544
40315
28967
14659
23839
22672
3930
10673
17591
20084
29992
37172
10408
40222
32043
529
12157
27793
20985
16698
22442
1122
31216
28106
46334
32143
9521
6770
48208
27504
1700
45860
13979
19252
47531
853
44935
23673
9226
20863
34890
26728
9390
29150
4471
14579
22163
30304
47053
27127
20252
33030
3341
17577
46797
43309
4616
20966
3694
47414
16341
31925
19178
25888
35444
42309
15543
35753
32376
7625
2631
20189
22572
35568
44718
19428
17611
12575
5183
12619
29365
6610
21026
18046
11213
36878
26710
20773
26911
46015
31778
13513
25341
20744
36481
2641
46111
29212
31213
1744
36923
42221
21345
5571
35182
38390
37395
2566
8976
27348
26657
16391
4513
22401
47826
7591
19983
20970
20239
3448
45769
8569
43361
42926
20309
7706
25467
45748
20752
42852
7163
19102
19802
3745
32053
22213
33751
13229
48044
14836
39100
30870
18712
2821
34838
47748
2542
10451
23084
13438
31409
35158
25082
46253
35076
43890
9368
14839
14424
45765
45226
5904
29439
3553
25972
21720
16429
8846
29718
15701
32561
29375
8447
46211
10009
20237
46671
38092
17636
20965
46974
7370
24936
17234
1495
41459
29675
9550
34003
39595
10070
43616
28619
24373
30116
41473
22316
18136
39085
30950
34940
20907
41467
21532
35353
42170
13868
40704
572
43753
29003
3305
15184
46065
7110
35979
23812
9247
4472
48717
31440
46926
32612
28307
36192
39855
34973
36447
12419
21797
19170
25799
15344
42305
33231
43468
37026
4009
45200
14576
25317
29609
23091
9758
46676
3276
21535
6995
33799
47525
8430
33516
18711
17949
44008
26030
23801
35163
19975
29432
10166
26048
7550
36121
23897
26479
2873
34808
21979
32626
26485
12954
28093
41015
35126
17984
17354
35272
9602
17805
49273
24405
595
20455
47388
7105
32125
5659
14310
22038
28162
35856
24315
27252
3223
39758
32524
45938
11437
23944
31347
10538
43485
45264
25894
33871
13984
40025
20354
8212
35723
17026
47713
49679
7038
1567
15772
1303
11619
30295
18244
35811
13043
3958
21307
36750
19074
2457
46218
955
35915
7666
33326
32108
5819
18029
10212
22073
322
35505
18868
19350
16898
40195
10105
15556
36750
1011
14177
6019
17379
4063
1962
3688
3167
38524
41501
28208
39569
5581
1238
5125
44337
34562
17085
14157
18231
44093
10702
13294
41850
32974
3328
47650
33667
2486
10940
37951
7206
44521
7562
14782
26811
13734
47947
36662
37268
8415
4655
44262
35213
6028
29079
16189
33910
3058
27051
34184
12973
20280
8957
31303
48867
25806
1278
43838
19577
33676
2465
5167
13442
37561
27787
43387
39242
26840
14346
39258
48377
10643
5508
36175
841
33876
16058
25006
28809
28356
11171
31130
157
42000
20717
32818
26482
7517
2381
21355
23416
43760
43554
33140
24873
42029
17467
38509
21722
16656
33046
14923
8949
2618
43249
21814
22898
30966
24344
19784
3322
8153
4144
39740
25450
10377
38743
21360
4349
14848
13999
4686
25887
29975
19586
7870
43418
12268
18941
2154
39082
49567
16545
48643
36862
40004
9514
18742
49747
47500
21133
32589
30674
6354
27916
43892
39548
4628
29223
33671
4148
43941
7959
3648
34582
32820
20535
40702
26766
33582
12976
47180
12988
13587
27842
29063
28516
43473
2612
36312
14047
25238
42102
37623
36906
20914
30025
21372
10247
41669
47476
16242
22146
12071
33831
30780
41939
1097
4577
12565
44219
35451
36779
2476
35931
16513
45881
16119
21723
7735
12090
26711
30499
21112
4213
34368
21113
9289
19091
38896
37131
39900
23852
32011
3031
31008
16275
41653
42075
44677
44245
16393
25544
39359
6256
6690
10051
5844
41752
36318
153
12550
28505
44871
44861
23178
5949
13759
27162
16310
35984
8227
9691
43807
10883
28939
24165
43626
3114
25224
21342
47599
36713
8188
45659
45451
7077
934
49036
13420
22231
29517
36400
3337
45106
10064
26728
12254
24354
43622
16922
48277
30952
42064
28699
29246
39149
36885
18878
28353
42429
41840
30792
21027
8229
6682
16715
26342
39302
38020
27083
17467
46163
10190
25162
38888
47458
43954
37436
13109
44904
11894
6854
16820
1601
21891
11555
19516
19598
13107
29015
20502
47429
41636
11539
18751
46543
1769
28468
46003
30292
31823
36875
28357
17273
35564
403
24151
35542
39545
49024
47484
33573
11556
18109
8149
11443
33112
9976
49228
27982
16697
41814
48597
17630
35862
9033
7986
11103
20187
755
11841
40258
47621
36099
12930
45642
25843
37918
16170
37428
25044
14045
1984
6719
22994
4931
7697
12417
16249
26343
17412
21630
6909
13103
48334
3052
44625
8351
39178
38101
23294
33934
25050
35941
5533
48674
24009
42544
15401
29112
2171
35810
10411
44093
26881
36577
24028
4690
18230
27678
2871
41735
9913
6919
13418
36888
3930
6657
41365
18651
22075
31113
4621
40345
42883
43048
19093
10839
43891
15476
31880
23275
10802
27861
27150
36112
4389
47749
26779
14145
5448
46937
1892
42908
32027
7552
20130
25940
27519
31400
24415
10913
15071
15634
36964
25960
3158
48854
20145
31801
37755
47529
34049
28941
38249
37636
27862
27390
4743
25806
28990
11492
28649
21673
19222
32035
48429
9513
13966
13289
8234
21249
27302
27466
2832
21201
20773
40203
16705
8630
7250
23411
4405
11430
10040
26406
39754
31239
25379
43843
4895
28648
38980
21744
7390
42006
47771
36179
41864
47635
41952
15584
46999
13926
19169
3735
36338
19681
42119
36171
40314
13471
46946
17755
15471
48314
6304
7164
1126
28731
35916
20989
14274
23563
39701
9303
10016
8001
14669
40063
28147
17732
4786
32031
30703
909
15843
46290
32058
3786
38334
7654
28459
34013
41083
28769
49374
7921
29384
6291
24485
4240
12374
32162
29523
846
48063
19373
47049
19665
8458
6628
24236
15557
30033
32353
36783
18874
27891
3148
15457
42792
13067
40049
17174
16032
425
44323
2950
24489
10847
33385
38860
21499
26004
15867
45637
17132
23052
20747
4100
44146
29109
28267
39132
15102
6089
5301
1719
2555
35282
24110
22429
26815
23245
47970
31122
8165
31317
23436
37181
24974
18191
7542
39847
33992
14366
33893
40788
36053
579
47359
22973
30885
47753
26105
30418
23558
43159
33167
32205
36433
29730
5257
30359
31523
47366
11025
24887
22119
7609
15026
33140
11460
1583
40356
14420
5757
4651
24328
3606
23202
23785
4990
31861
44659
44206
28647
42818
39951
40144
45716
42369
42774
27626
49529
4334
21084
7274
30561
11833
4007
27740
47975
46523
27357
7852
17055
44814
45127
8824
17160
29493
15564
22501
13067
17425
15062
18662
13394
4228
10878
22077
8379
37871
12466
23688
17431
7008
42439
18956
3740
31834
43946
12068
21871
8945
19722
14948
13041
28056
11555
35530
37231
36621
33215
13877
14310
40597
28384
9726
3010
6904
21149
12442
27597
11901
18487
8084
43888
22197
26513
47799
24596
42554
23814
11919
20324
34135
37928
39219
41135
23822
44481
16610
11441
19052
19260
11971
5885
48887
20708
49967
26942
20789
11946
33948
42486
23577
47960
5935
27309
28612
22263
7466
6215
24877
13856
46869
36904
1059
10019
592
31615
44733
37834
21817
2851
36578
36609
22264
48463
49665
39398
36647
7415
22004
42664
45445
43946
30874
29554
46476
38856
29915
7111
43502
12888
2796
30977
49486
5653
18327
24430
17548
607
35956
21307
47827
39857
29313
25854
773
43999
4133
39780
4633
42611
11423
17307
28809
12663
28150
5816
37137
12075
24741
3005
44887
12902
32514
26211
48505
42208
47455
42071
21208
1294
14405
8237
34069
38045
11030
14517
41156
9409
46708
11939
147
26643
20893
37379
9181
37167
41306
25087
36075
7098
1280
16954
18161
36501
16951
28147
48872
4505
2919
41301
20680
18812
7534
15728
49682
25622
18741
1760
45459
25313
6583
17006
21722
11991
42645
36258
40083
16817
19220
32681
33120
21986
23723
6231
40489
46072
36573
4891
32283
12492
37369
43968
6494
19814
38623
15222
22203
5340
33141
3005
5497
2648
27468
12550
49599
45390
15602
40503
2121
5939
49527
4362
18232
22749
48655
9625
41864
12552
30521
43896
11606
28324
35966
30436
46421
3880
24455
31273
4878
27412
15351
16704
44914
47870
28258
3459
41170
10465
32189
30854
7186
12021
30348
47342
7446
15796
25691
31374
13907
28609
14567
3233
8675
43844
31174
24439
47676
7637
23897
10108
34255
1569
17054
44302
11242
49569
43373
18938
41222
32333
8343
24947
13370
25102
38994
32867
49099
3705
44486
1700
38791
24890
46093
12641
1466
28815
20196
39092
2292
11355
41556
12635
27200
48630
30631
23608
9016
41974
45350
36023
14071
23014
10435
41051
24277
24251
26434
44274
43103
43043
14622
9844
42710
19703
32743
29003
38122
31475
14098
32209
18614
30539
35315
40270
8946
34499
47296
39787
27526
31182
3019
19768
35058
47606
42214
14376
39611
41503
30
34594
11130
43917
12451
17125
44817
5621
40433
11084
30291
40084
19851
15196
36206
7208
6066
39188
34604
7860
35666
14457
45585
3377
47997
39460
43166
22299
33537
26733
3225
19848
10624
20436
3994
15878
33868
10583
3617
16497
40124
35264
11142
33813
12859
26602
16223
19537
17950
38625
45488
17875
17945
32671
29495
45897
31880
44069
41007
13432
16279
29280
25160
36310
33649
7445
49766
3950
39833
18846
14962
49359
286
27408
14561
29048
17723
9080
4876
32658
29079
38013
18058
40041
12979
28621
16590
2097
47212
16815
49020
14121
1256
40529
34224
29334
11615
18275
10563
2608
32010
9342
4044
42807
38050
8449
16352
7440
18808
21800
34336
44030
6925
15619
8157
29315
4332
16159
35825
42390
48833
44565
15719
27607
27772
24836
28358
7489
49085
28592
11930
33118
31118
41739
23158
9722
35963
44001
12996
4108
41220
44333
9381
38093
24950
10463
41446
42812
32426
15924
4125
32482
44934
19580
28168
15432
15117
42564
38720
14348
15367
35594
41286
35818
28536
45223
7635
17758
9193
33279
18410
33731
7988
47586
42724
7764
42854
43858
7134
26671
21276
18523
6757
14144
26616
21806
8255
21264
9899
27638
4819
23309
22016
46168
22875
7639
22053
46887
37655
45609
46306
14436
24005
42610
23585
18835
18445
23528
16041
48110
43228
17933
48463
31282
38082
19065
19539
5857
37775
44092
8983
42278
41135
27435
13847
12444
41164
24132
36897
7005
47803
38679
4759
8649
45216
30224
3127
27371
17971
44215
35993
25478
22961
10006
33568
8356
74
15979
32823
155
37919
10959
36473
39733
1086
28251
1280
3270
38802
48325
44871
3225
11775
26730
44365
9377
49643
7229
3579
43996
41687
32574
21034
18010
33106
7236
14108
29865
7404
13321
16843
13673
1823
18324
23235
16663
17903
6235
39907
35321
18390
17423
40247
23099
29703
27126
21525
6708
7331
39692
43632
11887
3518
23730
30656
9342
11222
12883
12036
28621
32564
23178
41025
33369
46281
13964
30884
32248
27481
19661
45338
26363
35886
3421
21793
1056
3349
45956
37932
2997
12153
30865
7211
13801
41808
49573
18250
35672
37832
1408
33957
32663
7870
20481
15423
41144
24764
18879
7564
39530
12604
33403
25449
34158
19995
35775
8462
26185
40006
13459
3119
24138
36886
16400
41516
42099
43196
32194
45679
48245
35456
25758
24955
22756
21714
39080
5167
194
45661
40419
48872
46348
26134
29128
7646
21374
17654
35697
34557
30752
9649
41844
28443
13397
26653
10849
31548
11502
3143
26719
3515
35477
32960
44845
3805
658
18925
42643
41680
20857
26165
18066
11421
9028
7874
47815
41085
11527
32559
31943
19242
29955
46441
30527
12195
48729
17876
3301
47603
38148
908
27575
42881
15943
28985
176
41564
43397
10947
23623
11921
15645
23151
39040
25827
3724
4396
35479
5016
46652
32515
7240
11581
40288
12290
45523
26000
43944
20151
42604
13347
35073
36693
464
37493
46028
23206
1541
21664
36810
37943
2760
10092
19119
25705
43031
15491
43155
42432
17652
18303
16653
12978
45811
35567
23240
22987
25759
2825
19862
7201
24382
49520
2549
42978
41413
2683
49576
44077
11082
13384
42914
14491
11208
45183
27338
25735
33595
13764
7307
48986
13098
16484
44955
6262
32050
19277
178
18878
45754
45653
11339
5533
17981
29364
1091
19700
26683
18946
22346
17244
5484
19497
21142
34797
29312
28088
16116
45458
1676
3612
1237
12371
11653
18998
44095
46303
45539
29486
35408
24828
33544
42257
23191
14776
32493
7402
9739
27661
15503
34023
22302
11250
656
4692
25923
44311
6983
36428
27333
49367
5857
19879
27276
42825
10966
11109
26974
753
14950
19337
47762
16120
7893
2652
6313
5415
37293
10860
727
21803
41038
36986
20067
3165
3350
25659
47843
14067
39426
15259
37788
36846
10809
2966
15804
5789
38442
1392
25026
18637
44131
29078
46706
41915
33092
8065
35353
43008
45
30215
12776
18895
39689
3703
30615
27029
27060
47971
2114
28295
49702
35003
16398
22336
46547
4945
23012
39419
1156
19087
32252
29222
10269
26147
14430
7575
5864
33908
39911
11973
37897
40513
14392
35580
34920
46835
33736
6589
6621
20364
47438
6785
15504
22647
30391
14902
34337
25033
13753
45770
29510
3881
28903
15799
12369
46270
5067
23293
25408
45727
8609
7070
49107
33003
1277
24361
22626
34684
36918
42098
42211
832
9642
43677
34866
25246
39030
16065
40735
37649
42565
43448
23377
6497
22563
9714
12379
39584
7090
7705
28382
20284
40993
39010
526
22334
39186
31757
5386
26964
41717
9511
41263
36756
4792
3314
28352
7883
9896
5284
37159
17109
16245
2985
10658
5711
40982
23949
16741
13633
34581
47534
5491
37626
24291
4236
9682
10487
27973
10665
32198
40502
38898
33823
12401
12374
2614
27230
5181
15609
2208
15963
7889
43884
34074
26068
41868
11423
12506
40481
4058
30606
17360
4227
49667
1830
18191
2041
38524
12467
15470
20690
23022
13775
11096
42862
25656
35514
5672
44817
43243
41854
22967
42169
9003
46154
24962
40547
26801
29759
13601
8842
21874
41699
22702
12530
27920
18561
23177
47125
5796
48200
48918
31131
18918
32087
6573
17946
21029
48427
20639
936
3224
29702
11719
17512
28846
38346
18662
14778
39933
48433
28976
10065
402
43192
49764
8867
668
23199
7051
27880
38100
33799
17427
13021
23572
21457
21954
22066
4493
26177
15642
12997
40485
32125
16642
36716
12281
19081
1963
7691
17829
29850
41393
13905
20731
20391
6166
2202
39966
41468
24137
7332
39573
3305
18627
16925
30336
3673
7303
18764
33119
1177
8038
39143
34021
41775
30092
22452
26687
37770
31718
8373
11217
28968
1993
33800
43115
48879
39225
34666
16474
27799
906
30830
46971
39511
41752
11834
6502
4901
25898
37316
12638
27956
36699
10361
3501
26379
43483
13944
7339
40525
10718
9372
24030
14001
4571
14798
24716
24640
39637
16754
7122
23917
20997
7067
10731
15923
26210
22587
33905
12609
9161
3803
19174
46635
8728
20672
3618
1373
18198
41401
32384
22275
10282
46636
7445
5823
31045
6058
22332
16838
36669
44501
41711
32004
34054
8051
42816
33243
2805
36579
42008
15556
30500
30839
4922
49715
34358
37855
45641
5934
41277
30142
5076
27320
11511
36702
7889
22517
46614
42418
28683
23486
1033
23215
43028
27270
18543
49301
16877
36673
22463
27346
5183
35694
647
25052
8915
28885
19993
20113
18494
4191
26674
23930
4022
44009
11515
19895
27943
22635
30636
47689
39325
33197
13119
8041
28888
41823
2750
15213
3823
4361
47366
45475
4310
4360
41184
44383
29226
1797
31805
27317
11930
35285
21763
31254
14079
45813
47943
7038
30263
28197
15961
49733
31838
31616
48135
22383
18499
18309
42674
28598
14279
6616
36629
37779
19498
28367
4282
41457
18279
43687
12953
23040
6081
17056
14395
26334
25334
21910
35983
5869
4506
31027
39158
23497
35078
10820
2607
19857
9364
7432
43887
36756
3362
14972
30011
39567
32936
47763
13128
2760
16050
15154
49366
23350
41646
8608
5523
42942
4558
47885
48875
29260
46894
6820
31867
46041
23743
44136
37910
38909
26850
38278
34729
30216
44084
24869
43047
29733
6720
21566
36527
30713
23536
23868
8599
27607
33599
41244
33047
6155
27194
2945
48731
13391
14924
11327
3675
28054
24562
33581
43524
22418
5266
37915
9201
27507
45477
21002
11596
45299
15565
17819
40582
959
49128
27785
8612
11303
6002
14836
4700
42498
8087
24976
24912
36002
32633
42517
25268
23049
19107
31753
26291
11803
336
48050
40911
23151
27143
2872
44119
41956
34042
12711
33648
31100
12629
2662
43204
8689
12768
35239
11861
38350
21838
27393
443
35162
49336
3045
44616
26346
43391
32659
26890
38187
34714
1322
25791
17995
44915
20763
46742
38644
41121
388
1916
6987
3853
40714
23180
36678
32095
47030
47801
33690
31297
7436
34383
41900
33668
3941
5610
49633
434
29598
41569
29451
24750
27758
12473
36815
13888
49691
5436
30533
45169
3597
11934
1742
13959
5721
12586
8989
6110
43508
29985
7090
23352
44255
6113
33239
24147
17167
49673
19646
34427
12399
44193
4228
8796
27912
31665
6758
43780
32917
48627
5822
32211
19687
42062
36038
34728
10003
10660
49055
10725
27180
32844
40537
2323
23572
12044
22033
47661
24588
1684
49937
47276
39979
172
49324
15825
8370
2743
438
4584
43139
24245
40624
26726
24220
4327
14741
14144
43934
24196
46808
46911
36360
48790
34030
44082
28593
23049
22063
20920
22774
37067
13394
9062
25131
17233
34343
44322
8492
31424
33570
28253
17544
28803
28730
47055
9426
33689
8865
41214
28482
5588
33792
2721
11185
14745
23023
44623
14678
41102
29607
39202
25886
17401
28633
27137
27843
23193
558
49777
27483
24549
21172
28189
22732
40927
38310
4418
2553
41288
42240
28640
33386
3008
5056
15896
34958
25478
5549
29383
18334
25390
8936
11699
39545
12207
37389
16094
15168
2624
19646
15413
10927
10145
8040
3097
36090
24172
36285
25292
25214
36126
44257
29713
44939
42279
18717
49048
11131
4519
40266
34954
32889
29180
12384
4552
2481
36218
2109
49723
12840
6959
6680
1256
213
27888
17729
10432
8413
25143
31065
14926
27787
6675
42017
28508
35938
48288
2030
17531
22011
28556
44195
3825
19425
32957
268
23851
8003
14297
27187
44518
43110
29271
23000
23465
29339
8285
1599
42310
8525
38886
35905
37962
17799
36958
29906
40950
28981
37038
27837
38989
7751
22452
24338
26006
19140
23080
36126
17311
24104
3342
47929
33511
3748
25734
37424
6428
45468
43273
6432
44650
16069
529
39668
29179
42409
10669
26603
18112
18754
1403
44323
21749
32196
49161
26622
29483
11895
47371
8733
30155
30262
25276
38609
45886
39163
32178
1941
37841
41381
22152
20560
28300
46158
7382
18241
33154
37361
29110
34056
47597
26298
15198
44834
12307
45878
3986
5899
24324
27000
24408
23525
16257
21517
9096
5201
42263
21613
23391
42121
20157
39381
9559
22242
5863
35684
37102
36120
7503
36774
7512
49451
26010
38503
21727
48266
30403
5192
14827
4825
683
11792
39603
20943
2277
23262
26425
17302
22163
30299
7496
48312
33050
25640
2769
18535
28319
14706
41759
17805
29382
21029
21755
12678
13500
42581
14328
6454
269
41067
21746
23431
48405
14079
25954
5056
29200
43698
11397
27513
35363
13752
26399
21007
22372
5679
6140
31773
37372
47663
9877
31133
32646
24032
47391
17920
19936
38281
29229
26779
40793
46899
22082
24878
37260
21960
43423
29225
10739
30230
25897
29698
30103
7326
43669
44490
45202
12855
47330
21405
6440
49703
5993
12823
28853
22437
22722
33968
33
16194
34237
30184
32270
7321
4128
31674
10471
22410
34059
1409
24526
8994
31267
34511
43926
39616
40447
19168
37583
42749
33374
16208
16741
3669
25123
49101
37910
12996
8109
12600
20938
13860
38233
34287
28771
18754
7472
10304
17507
17992
11045
47406
48895
12179
20071
9462
36771
31375
6146
31339
27930
45229
10032
27172
1757
33716
29515
37377
14148
1297
10648
41631
9867
41986
33031
1694
35553
39192
33088
44399
18377
29958
25819
31128
25492
10385
30167
5396
13019
2047
22570
16841
46375
31187
21543
31658
13410
29606
21656
28805
30964
6609
10660
12262
35046
4472
13020
1402
43988
35154
33154
43034
36079
44346
2304
42896
10444
34630
36313
4505
17459
48034
1420
35192
6711
32220
39766
16998
36681
32023
29600
42879
9106
9134
49428
49845
4942
30707
41138
27360
7835
12101
20673
43021
34208
5176
42283
47432
45811
16719
3571
9137
13109
29402
21986
40929
45627
26545
32620
8920
22601
16293
8618
37961
19985
44064
19019
15071
44804
32958
17817
39417
6036
21068
36276
47057
20154
29400
46720
39408
32080
40898
16860
10412
22719
2946
1233
37660
4984
48090
11765
38447
6246
17715
38617
46455
25062
31650
38656
43972
24659
38363
41441
6471
49089
32000
5502
33679
26664
36744
18510
43614
2736
24603
47589
17579
26673
39770
11947
30723
18046
14873
17157
43646
18050
22479
18681
5477
26002
29483
48537
7556
23947
41256
30666
47869
5590
31669
19457
15026
21744
37916
46996
46539
15485
41965
38221
15702
6980
17121
7064
4830
47732
27187
20699
11381
7398
5535
5490
33141
6347
23035
2325
15548
45554
48824
10304
5132
39692
6313
31524
46805
13927
34179
440
25674
36525
567
3520
27284
472
17455
24871
49359
34656
39519
11439
34992
35643
29555
15650
26823
40026
41061
14106
20014
30538
17891
40687
16631
11266
43277
1166
36756
2208
30976
31561
37360
740
20624
35432
8868
2600
5585
33171
29534
35026
45342
41359
31805
14753
36060
19022
30866
27286
35087
18795
8166
23900
32307
9746
48910
16054
16678
18327
46595
42478
29851
43115
8277
18950
33414
46463
35042
36505
31722
43079
34367
4841
15482
40427
23730
25085
35368
33054
36804
35616
47969
42083
8134
28850
2496
24843
32113
24306
21980
8537
33877
46617
1757
19444
21707
3709
8413
32395
30393
47735
32416
5210
39333
22327
40592
25361
8954
19930
45734
8297
38523
34373
24363
45329
16867
40849
22659
9972
8278
25347
40405
4539
14381
39366
30156
32531
32562
26869
17373
40552
31453
1190
38539
38079
28613
25097
43105
49470
30706
41987
7528
7328
31208
42173
7731
28920
20150
28525
19466
42673
30111
34674
47048
15392
4593
2375
29303
22239
16990
47812
18614
30923
40928
25764
26253
47538
49255
14120
31802
26077
20609
2487
31268
17474
37347
26854
38008
18224
22209
31357
7504
14906
5075
45073
20981
7506
23736
4248
35897
1605
23727
32430
45409
47603
22830
42741
7557
42027
36071
11970
31039
33350
35742
10904
5456
43916
41653
10819
35995
40283
3496
45308
2793
16512
44657
43841
14944
19307
9619
10320
16168
8731
29289
22319
16880
20588
35702
39967
19114
20223
32713
19822
28963
11597
11352
36025
48287
36843
24217
43631
18041
15003
13409
16148
14561
45721
14556
14019
1521
49176
33882
8462
13541
38282
18425
39070
39874
12338
3629
4647
38086
12180
15631
38785
4305
27732
31532
6876
4522
38738
49176
44582
32593
12779
42732
28516
16184
2553
45421
20491
48872
8437
26935
24384
35774
37076
46226
41160
25402
20843
2695
28428
13855
2673
9628
49301
37440
8105
30925
832
9731
8168

