245743366
401563631
757324822
554228572
255459107
108877147
420630511
235759756
310789847
609231872
748477
1120372117
1131856832
167362661
1010993062
986279492
178557754
557496137
91226279
561677887
127672211
137672122
126047504
784258211
982242004
47467897
45816379
917911282
1105745852
1232139262
394341487
2423302
11165176
445675441
170081347
495101779
110803942
717276751
13053496
437384677
288804562
123257
135786961
631990129
974456732
208294256
226451122
257633651
123378487
19359754
109024762
1010588404
868965517
349576462
1012837529
255413902
575978771
838594582
66649286
8514002
346752946
164611441
220573507
919282882
3857254
504078877
1097344129
1322752
41273156
4471546
234957004
34823686
80346827
1055081017
492211001
2776
973221022
914059147
59705129
384850897
118911332
422808661
68357279
524313154
88904446
80334151
937423351
941879
325647961
2814379
337181497
122500379
436556927
754719527
178973741
1229757622
514835917
52916329
79537579
729218956
14658406
826353532
100685146
1015720057
29180981
33887029
50949466
510097771
556328047
1214973866
162567497
42869171
301486291
475290697
274236491
30494146
417821779
549212654
1611911
343180702
102409517
659189896
839700691
86428379
276254266
538494154
343180702
1087248397
1024754357
187143532
1074184426
253789186
146829817
356404952
65912422
510576991
374873272
751149421
637905622
887826592
546465271
301167154
306937477
259543937
202940732
67785547
577677046
784060201
786556954
922329776
1034419871
135029962
172413166
415743031
755807761
475629904
90256331
599774296
602409406
924005567
4329154
871259897
1006680886
702731306
1113802004
614829712
235325666
841340711
648126007
1133665537
1260079
91984267
1034237941
737260801
178349942
1035329761
1240044901
819214004
68837512
309121681
79600654
191835079
309096817
399949904
274798847
1000453547
333065146
998218222
880173947
194094254
48624592
1015224331
943147597
359481892
48792382
499390607
123692857
13668607
609336596
1154761654
210976612
79588037
1188646904
268644611
873640901
157557877
437384677
616619404
289942
2063497
673389952
405882787
8054092
993398452
124496311
163723561
25336522
236542126
60121096
2155927
127049771
112372537
122766616
769241477
868048612
752778202
976090837
118973026
379267112
733349254
887321002
1211722607
23939741
524604637
265778041
1003452802
371676481
678500704
214441696
29104636
72498862
138419842
853320017
1005783676
15298747
1185869351
295305754
531363701
875899586
365621362
333504052
537280591
146179352
429406166
71538742
470677222
240188404
406082252
48073916
989257441
11773379
684074567
34374487
237478322
44958904
603624886
393443327
35815417
1008521417
39341
191208791
479276281
591329
1106780677
88132727
14913992
404402581
1173725476
7998001
572183707
41865826
1959211
828713117
162675704
20247067
245211586
98750432
674711746
23218706
284661731
794071027
1124731307
200991226
719095927
854807879
1102973029
207967816
670677001
12713404
1217785277
938246222
869090587
459545087
118829
345227227
128264137
160769347
21116
35587267
360045196
203404366
117588781
93127129
837898517
746389567
72896776
66291856
50516327
637477072
7440154
257815279
133767547
962968556
112552507
1200720511
787231361
698987356
125444881
692571154
102767617
243884656
643454002
723045379
403805572
595901504
157557877
772972222
178482172
487796996
1180469756
107846642
1741912
1037287379
663335677
477265961
626279137
200590436
934265152
300970846
1046782891
130306
82812016
610489154
854849227
571811654
239553217
978389731
873515504
205243931
289814851
878538404
405597922
1191197
13910176
775636
36095257
137804902
222552254
140859721
223227886
646954
136529551
531918037
49247851
45234317
2172571
9748321
348968572
669615311
516216647
715081654
103500079
542571212
1037970704
35595704
54616927
407822521
104394026
318617147
961740154
666398779
1221786029
66188266
68404057
481849447
10679132
98891017
357928391
52321336
897290704
480918592
197875672
469358842
105625846
261918829
142312
39573857
385572566
564060079
768496411
739143577
32164211
833973221
79298122
935346127
78594454
72981322
389163152
211675601
278893154
1215812017
425838337
267972826
1244580887
3686971
1011487754
10725397
196406291
65065529
90417629
2783621
897036547
7603051
127352821
99920317
96681466
529865182
410540186
470401129
5768107
57047222
409194529
324653422
1227576476
498853492
41610004
308550062
592695236
1239298006
258133282
285234671
173883277
1055356654
20656379
283970197
606790867
775805746
167252906
577235254
932752837
17472917
285330217
304390802
982906954
448695947
19684676
22361329
422488847
3368311
418747331
279649426
835975606
1062904672
441148957
39564961
4643629
774742567
150427
712625629
215789926
395071996
93249997
608010757
1037196286
772697017
807236291
1214973866
936297902
739297379
516248779
232904
144423511
681783202
347648897
255459107
431057
672216112
333839881
350581961
890019146
759427879
3244879
989079527
789971627
436143346
144729592
51374317
1235865187
90390736
836670872
85262212
500402431
182109071
143591932
562985791
1000632481
201272017
552465421
307721
18951247
17196181
664283026
646183276
1213791086
728798932
1027744454
1146845779
201211831
246564322
18201562
1188744421
831646937
530809654
76218032
19741187
662316211
590047129
134291467
163090831
857000701
81223886
142576942
391846016
916412267
688334857
196010101
135260129
459060151
62189129
676991207
65534077
271946182
4048436
1095798706
348361211
955653622
468562579
640587322
310366156
41783512
2214461
274002346
96598051
861353266
31932037
1215072457
26089477
154941607
774821296
562381954
404345704
419789801
39966271
56344421
811017676
643705141
445496326
323660404
53400946
661479379
720537742
70063204
79310716
13048387
103370632
83366329
3752431
138852781
46373266
50375704
1047698201
39975212
316751866
206867971
27262
937163572
504142382
850306942
34656976
190681157
33435754
54763346
376682629
380259254
22448351
18443702
353075452
812065151
7838821
103975411
286741379
1113896401
19785196
1017749287
53091361
86915521
504523496
27583879
131600977
277784236
445854592
655926091
594555887
509938081
877071904
69025376
25923601
669944711
220510501
429435472
487203721
1240792021
124654156
295354361
39582754
135984787
24671801
110476681
3991726
172227521
352092917
250980811
154045129
180794621
97433821
44325821
15370741
455340754
173808691
381059422
239925466
562583197
25343641
76366262
22555687
481973629
658899452
60379
646938436
916198222
406395796
1227675577
865966537
9592
943842629
235434151
660606727
8187082
390224017
24615637
161667172
1028424629
38504
354432001
16476671
25180157
698127662
734307004
428586004
289309486
48841787
125682586
626633102
262835129
241527232
782793529
3826762
11174629
507736912
311837852
32340904
919282882
947669881
16539877
1087015252
1028152532
10253657
71946011
113891779
903741356
37951
54993829
155770076
930767086
89254
1013152606
109054297
4466
95987441
1110359251
459514771
7822991
1213741816
52526126
619009706
215021954
480019621
927275581
1293637
330669187
466635976
53039851
914443996
87443701
141296456
553729282
378936686
217471
160876954
208029004
731512126
918511231
622603829
892383382
1072331206
565841621
204596107
71455036
10818227
6359962
68345587
4828279
127320904
154906402
26401012
388103731
117634792
379597682
64689626
1212756626
353474167
1147037357
246630946
120303317
62524154
301682767
147963004
527231629
486673202
367896376
88891112
46344379
119806
393527486
48142579
529604786
239925466
451005562
107084296
2653057
868965517
1009599581
48733129
384296227
244216051
215104912
6449437
1024935451
199051129
894285487
218122942
371131391
689374147
71754211
19898587
245987291
622145176
499201004
230534129
456004901
218122942
1246627279
964197742
16997366
98091022
234177262
480422504
1045227782
508565779
2655361
155047246
623415706
905953462
75651151
155752426
1051225879
1173870832
681820129
514226416
189394454
255074992
632381267
340800779
180737579
943408204
182510066
8138596
1108051351
1130257
35099632
278185079
1180907102
733387552
892932671
261727
852081122
365941
543428029
104495197
458666329
411486329
684074567
10944182
927706276
100189091
658609072
262308061
20972527
733157779
353022307
1050538204
40973879
737990572
354991336
1205969717
586719641
674785217
253226261
54064402
969078301
60758777
693576391
558799166
114088066
60549511
1194162886
1945379
299745371
515285254
173361511
276089752
15930191
394257241
847546207
114072961
865550422
112702592
348651622
274705081
47721566
19515629
41537056
121672201
743224736
7914232
671079931
632381267
75319402
147601972
830912996
381473632
408908504
863388236
1230848921
401988836
297277537
301559962
485176826
212231504
17532082
666836941
171097252
61100986
509331487
1150872277
716065247
661152067
14458754
522113456
1335796
136133251
22401472
341845879
793513204
348282029
760168537
1066273111
330643471
106492
927749351
1220056504
159552317
869799487
1040404
738605396
1087854691
596246779
24293936
52526126
157433641
882105004
245765536
660424997
924865537
4270504
233398816
208336
1153896781
165683707
1203662581
77519927
195238681
83935447
625288567
121563029
375530716
6056941
698090296
1076735216
638262857
193838206
437946811
269131601
212643754
177727232
6235747
6750976
746582762
73489627
706635622
543955637
934827181
416262232
24833629
481321852
768181
1163476442
531983272
3241
1071868151
720082276
130080386
1049300956
148617421
627943642
70668217
408879907
252214571
125286536
951984796
164665879
493843879
52618412
1053841096
1233777976
991081982
1081148251
150329131
19303792
112537504
855014629
114103172
16390676
533876827
235586072
3927004
218352754
269920996
218206496
156176302
939112792
86321
469941154
50999951
52106737
277430791
960337226
427211066
244636141
1118148406
112402522
639192136
581285657
328512529
50722
365080732
435670922
108361282
647694037
210668602
782397904
953163292
1483504
1190256446
690339904
396591367
867048904
817029677
132120641
322414922
109231591
722475079
48743002
440466041
150363812
365567281
137241029
1163476442
798700529
1159668721
327180991
1031767
200130022
2359879
1211574926
4302712
73951042
59323279
689337016
466299992
1202926726
771439561
1105416691
122422129
489266122
73659454
52045504
244459217
1132237492
77781629
69661307
1090234861
1043445404
3146287
813960379
925682879
929602522
59475872
1068305977
407936767
162585529
978743647
430080457
642557477
278303029
775530037
468868754
446990051
768222004
191717572
578799277
1176391766
295962286
65008504
326541791
1158946441
138320029
339600892
317457004
1057655029
769986904
1103959567
557796701
90404182
117037351
363676966
73562386
226802
705658529
904889612
446780779
1203577
768457207
994914529
989435371
174929161
557229037
780184252
864427411
403379407
954036722
83211451
186428396
71037241
7850704
151876307
898138154
62748004
54251737
422052932
372631351
573232871
13663379
441119254
337883011
384989627
29918981
100090027
623027351
43008176
43277557
6909904
510129712
331672891
59541329
1242685732
270037181
1223813602
248366329
404971571
1152120004
1116871954
862
1187866912
911068642
42471937
77470129
344465629
919625942
1221242332
1039338029
15442904
149273282
91104752
187569397
89867122
196564879
1120419454
1085989711
1083614182
91266806
8709052
471475279
318465704
26663254
342892579
716103091
193090727
14924917
8390657
972471152
97993001
32212352
311638096
365486167
1176294757
364243546
2618617
225664391
967098211
212664377
1207050412
841997167
6442
43762691
846722977
1082869454
1701091
2346862
56015821
74988382
713267566
292977322
102379
67169846
17656654
24461516
161199991
31003876
41329
155399636
70169782
440109947
320943781
18565372
148669147
348196
1241041111
126079261
219964826
912178829
1210197004
739937
126810776
19835552
12572606
1155242279
346226456
767359901
57004504
208927462
124638367
519499262
144066826
324678904
893989471
155293877
1190549207
437295952
760792529
6278197
60637579
24904154
465719941
3986077
252012476
582513779
56525029
14501806
158126437
772657706
29733617
14550316
299035741
49595821
164411912
410798117
138686186
638512981
931328062
344701897
61355504
116624629
624192779
278751467
993443026
12951506
1101142057
833987
1128576296
125936386
14561107
161253862
92337256
1158465046
89184691
256613186
1114982254
244105561
1935529
1070757227
989880266
178954822
264350522
183294232
81364147
1227576476
889808206
1218377567
90269767
11250397
264120637
647010379
1199838592
86152502
729791911
832299601
138836117
6399254
282256921
910215112
278491801
585904
18165379
475290697
1101095129
654839956
773404786
112972997
517856654
820793387
4388204
213924271
553063912
305848279
150415841
142205681
182051822
169344407
223270147
865009622
12017254
1236461857
31430557
41209582
1873081
50677279
149515279
819456887
55614332
488953357
34474057
810333154
572758936
622992052
877993561
144678556
19860754
466574879
601611329
912093406
8493382
1241539366
16683977
19504
265357
13356697
49645631
909276691
900937577
51851837
420630511
320994454
83237254
190329806
681524741
24946517
815817422
1204104202
135391741
1192257697
49337212
88385161
151545346
1062213187
706267
145735129
1093505996
179883029
272786404
352517629
1060697
246342307
357687632
77146832
989035051
570662437
1211722607
397662302
210586504
21889037
102509722
234891976
331544126
205649341
190095752
1035329761
278916772
1086455806
104914856
234870302
50385742
1176731329
951984796
850843127
6762004
20278897
394987672
618130381
2874004
476895287
214752451
544285522
996167
156459206
16430779
79008736
1124209654
595797941
900640462
155135306
2648452
170838371
1977067
22107926
483900496
1098703127
1352191
917397196
9511342
40225966
972691672
210926
7486516
8881006
1753129
816140602
32671487
101296262
1243134454
276371806
72042007
670750252
1141344754
529897736
740566856
100577
73477504
461396254
1139959627
127736137
711833047
1110076522
222636652
655962311
542604154
16117004
1088367841
1074508904
247497877
886057657
433283204
215997721
155382007
64201447
236716162
1114840591
3887867
1190695601
418920986
182510066
6338581
620277032
501573629
34898836
995762252
1218525662
727822
495101779
6182887
207967816
142762754
196426111
24210362
810252641
103946572
16407857
200710631
514418851
337935004
128729036
277878526
127864037
566077129
130128779
407793962
336818036
94882201
953512616
36027317
543691801
192933547
509523004
152347241
282114382
21644911
1033783186
438775877
139687256
556962001
740566856
77121991
625522
404601682
600224629
183888254
24932392
7093262
35091254
448216771
356645279
51030254
70930006
374243762
61244779
91379
82529129
307830079
964549082
172431736
664611112
244348672
986545991
1565566
48703516
73562386
157966426
27479992
422954071
331930496
953337946
53752897
396169027
14794081
105233779
13652926
488609431
927620129
444183916
639728566
15733246
75208981
898471
239487556
1975079
585521311
557796701
168645796
693092297
265893331
986768101
218687242
273090136
21271504
1017659056
349127101
557362579
275737387
10660654
775845137
23293726
104394026
832707646
268273867
440466041
715951721
138203626
975428197
1242935012
488734481
819780787
270432397
1031374654
329204971
58769062
319324357
479864711
1072192279
745539806
342656932
92201411
21245422
47292676
176823416
623910151
440080279
99835516
62882506
880677497
208171811
419413204
666654356
70870466
98217121
143744491
641088529
33484837
1147899656
1020322552
274845736
807758722
26797
1241140754
909106121
543592879
251361832
1653472
527199157
1156636657
54158029
1008521417
336169486
1047927091
1208524867
619080079
151197356
96445217
70323871
50385742
215416147
13315381
264511501
63547
5234231
405768829
1170191254
960644029
166741192
64450982
92609246
29495041
139136222
815817422
601157
489735457
546167776
79588037
729562702
610454212
800460067
15072796
5416987
381832796
683519852
233463637
40540511
682817536
186177457
746930576
1214875279
699136922
22021567
538362892
158642579
827542
472304746
15543101
305372
80587861
665522887
1059633631
315519761
1050584042
273300511
570966529
334563779
9992686
705433142
128584667
541846741
45358051
172376029
279318431
181746646
6077842
66314887
372031004
413209379
139620406
81862411
26168996
4255904
319754117
1086968626
183294232
1391947
426831154
167875327
294965617
165047197
9363629
247920779
88371866
416695147
750878129
114057857
7509751
506876881
28762321
146612
360823817
869173972
235781471
1163958877
628262629
695738254
230856329
447319006
202618516
1229063411
61255847
16151087
164992696
338254
728875291
1218278842
1200622504
608324641
18669106
1183192336
35041007
13305062
382275076
214793902
29433629
996074662
357767876
119791982
1223269454
495920272
1084498879
498790321
331647136
17026531
428878829
64894529
46943206
91835129
52978072
76638391
425925892
32004001
359830552
659662004
56737879
425984267
68041946
128040004
1076735216
229226167
619467202
1206117056
869924617
754641826
444094504
401875426
8070154
484771954
584495146
525447154
405085417
94951091
1173386347
1064611297
110209282
674675012
1008207061
1118053829
171226766
616443829
91862236
402158981
68450851
64224112
70134247
768966937
41427754
296546482
765754546
811501042
420775546
38355662
399186641
56376272
1112716726
412519727
121687801
922845242
651803566
7626466
860017
813758654
1212214942
599947481
948410129
240232241
37675541
15913262
276842216
95530754
913204217
26736329
20298007
294649951
2809636
540399251
159195247
583128326
468715654
155823032
1052510141
1107204154
34507279
192658636
110216
196664029
956790641
1180712716
496077752
241593172
394425742
512560154
402442636
1153992862
169326004
460121281
893989471
285832096
704006527
108376004
61777171
369688837
4634491
785922482
24671801
5064154
182261779
613287754
44486029
701457241
738951347
84584522
146025506
86507282
1163379967
1242386629
763877242
524701816
58368611
550373254
3684256
238481881
682558879
1141201426
1037970704
8995162
29518087
404345704
179541776
808120504
459757327
61732717
18926629
243222541
499485422
824484529
1014908932
111385276
692533937
345697
32493892
1047011681
395015779
138076
217496797
104437379
372249256
307532401
104408476
204373654
292904707
300799129
125049206
812468206
804666787
77731747
92622856
765480629
982773946
895512361
61421987
240122656
238241707
223862221
754607
539577676
1012522501
1084219462
575775146
1542647
302198821
1000856171
1137048829
231479887
354804842
64462336
620417926
8239771
960994721
123551341
901362112
502746196
609895276
102409517
8957029
14968657
732239047
1181733421
18852871
202699046
1112763901
30650536
456729977
169086856
130080386
18938936
505826722
36649642
1201455691
350131954
116456692
15105757
19615717
926328404
65499736
769712231
719133851
438302029
230705941
133309957
216080867
81004
1176052252
1031238406
999335572
488046904
1154233082
140256127
161523352
129034081
2005004
377039531
93810754
43491802
224433892
152068081
12164779
38276876
16122682
371894629
243952
646902466
845365522
309619171
210689129
480391507
310640276
1113613222
56695277
130888111
375640346
644135779
178161127
373150222
600605812
2434322
169896962
3308879
694060654
1019645062
228862316
804947627
496266761
520015126
1137764254
20798026
369906401
857331937
382523971
15116752
11890127
307383616
441416329
223798747
80372182
1198075726
94785797
838799362
74633654
8170904
492587579
161739106
642342404
1149145771
359026207
5328481
58357807
681672427
462733832
834912817
129757996
325673482
1051592731
389330561
157770967
11768527
302272579
28899004
9187042
701794381
357928391
59552242
387546721
1091028829
1129954492
256681154
88757827
492932902
103341877
824971891
306541181
1008835822
4674154
192325079
917782747
685740062
551335822
3760654
82927882
1216699786
217455086
697305841
790369162
845036606
50616892
1544404
33706156
1164393154
130370879
364891606
13994696
11657207
138569629
245699029
335936161
10841497
84688606
407508427
910812541
33919967
41146057
373915532
13284436
305823547
391874011
81747292
403720321
994245529
189881329
9885682
266262427
247742671
678463867
1163621162
177180901
393920347
1226486629
257520166
694507816
14534137
200770742
1123356301
1217581
63545902
183562381
119219962
253226261
224031529
4119886
206136361
1062167096
73041742
365188826
102123487
78231287
241527232
1197733097
16299196
155364379
687259276
1215713396
1486
280785754
719209702
158197579
844625551
192227029
1114604506
604493836
100656767
809166107
245145154
300774602
1153704631
253699076
894158617
711455782
654948529
377121917
13434337
41209582
92786254
591353246
41127916
657049376
98347
913674379
44156504
35646347
454405732
680675857
332394437
11978066
85445129
339705146
32356991
230297992
79424107
996297842
808040101
561744922
141212416
104712157
398819404
239509442
694619629
442308154
568198906
118479922
350317216
951592126
415858381
34225402
383963617
19111
189686504
11802512
824890654
152417071
22321222
11807371
217768016
51364181
2280181
210237766
875827
485987077
1165261951
250018342
342892579
1232784686
30299221
23403062
10019527
985968622
101040221
164938204
235651196
151824026
34308187
609441329
258929147
1038061831
543329131
6025657
302813746
10586
204919891
295670404
1084405736
778289332
1187574481
14351404
150415841
320462587
18736382
782635267
991749917
176579029
15215887
60692654
704231686
17549851
624828926
76415704
798860407
677874611
97015486
526485026
927189454
824606356
200330137
1037697347
603555397
423681496
938809447
293171006
98975416
312987691
472366217
972074279
162369211
437059396
1177701779
33280562
312212567
45110752
611066
48782504
505476911
326899666
65213911
678021901
183370826
1195140496
736646537
262697582
521531957
504650566
188597332
580910656
109734706
32212352
353553937
902721296
373122904
2160082
37684222
864801667
1110123641
184060892
9084454
973088671
82760546
879041486
214420987
958585006
4358629
417561652
12115504
730862029
705733666
343206901
78481657
581831329
825093754
171078754
367842127
14021161
25059661
37035922
12036872
115679656
827777017
52014901
517277531
22008296
1060830892
100174936
128184067
174555271
623133254
202678912
1149385486
276089752
30980257
316097797
274962976
941064037
181098997
340670254
235087087
744150332
17137586
4997542
5778301
84337579
731856412
384518047
137058847
47897579
940326662
1158080002
378799051
126794851
889133366
753476791
4340932
848740601
238853297
79865842
10757842
72607276
83560129
977328367
519595967
1215713396
779789287
304415476
1111349086
799580056
273698107
195120136
1093412467
571000322
128873486
251608529
311937754
1967137
760246522
8995162
10554716
184579292
24496501
8452217
1060923017
51131329
538002004
355817827
613392826
1182997762
87655421
80207446
526679741
1222379291
790448681
545804281
6285286
73635181
134586622
36273904
575741212
23905156
780539806
1080543829
168609067
375941911
256409336
24812491
172023427
1090608457
433253767
388159454
54230906
860191504
432253504
108729632
366595504
483931606
3994552
340200571
881307137
21946
91415482
105161254
118757167
644889742
709872361
73538129
117312904
343206901
1069454
14137904
277949254
808442156
616584287
100217404
362491276
948453682
518242916
521822666
514643404
120536102
259566721
1050400696
71754211
620030506
221856581
533419454
12283447
1054392082
115441
20018629
446986
1059909862
866587
21671237
520434454
1099593961
378001261
688594606
346673947
305996692
368330512
246052
2359879
637619906
323304307
4346827
5977154
696708457
61421987
543329131
1138098196
499074622
300946312
96625852
214027706
299329279
24231242
815777029
2729617
822252629
790448681
80080841
26655952
898011011
2463091
894623851
174181781
830831467
656070977
323685847
293897891
853939802
49585862
447707927
35519807
1091636176
316701529
11383607
1087061879
48703516
905229976
624157447
536952836
1140102877
547258987
277595704
91347887
640372579
1459487
268946029
189608602
246253529
18346654
81517297
787350404
33133871
845651
221446
1193234527
1009689454
216039292
521176756
627872767
580297279
366595504
9342004
34391072
960687862
1204055129
214400279
343914652
633021572
166102652
93564361
5331746
893608951
1240991291
515863261
438065201
2648452
776278504
156529972
374517397
68462552
244149754
497748577
84662579
121313677
126397051
2116654
1247226541
661079342
931025977
990369766
10739296
490486861
113018096
303897532
1158320647
502429151
68638187
656143426
1091682902
1172747
58639036
128456407
7751
629752306
5377561
82375031
424118251
124417426
101424404
1018155376
11397926
906762406
220447504
769516066
165501722
24161677
831320701
485021086
856297037
354219037
952639426
594521404
179333392
212458192
283660472
83469661
65522629
1135189777
4125629
48181837
101495629
769123811
1224456842
344649386
1027336457
294674227
701794381
1036240051
1170723467
571304504
677690521
36786754
1177216504
150277117
393639712
64167457
1231593266
215852254
1073859997
117856
646830529
1101188986
596695786
345621487
1001124632
155962
439991281
885805096
485675362
702506387
1150200704
1989016
48743002
818081026
121111267
777185026
267810797
1129526686
558097
46991666
516730879
1127816272
173167
710286896
910983271
794549317
5744356
904634381
69814837
571034116
43435861
472427692
910812541
220573507
1024709086
1033464917
291575027
1068213532
983527777
568266329
115770937
18846731
61255847
1140246136
327846422
39236512
1013287654
128937712
116807971
1116682912
212602511
1100625904
124252
313863986
256681154
108803377
13330867
922286827
653754721
140256127
1701091
592075667
409652377
342709291
4950232
436822904
1435666
352119454
632523529
38865337
807477392
567390142
1038107396
135079267
740605342
250040704
393864212
216205616
917654221
847834432
341845879
20368154
1059173326
686369776
342761654
1120845532
932882416
949804321
213262879
1129336576
1007892754
20566492
470953396
93072547
167179756
1195384961
109275937
872220262
9655816
484621
1166082779
147189904
74218837
92405216
9411292
747162497
514386776
65545526
513489082
15039871
108434902
536920066
268690972
25130506
670530511
200650529
499643467
212767507
779907766
127592326
295159957
192815704
23725717
31972007
42536477
641410837
613813204
165447146
873933529
380259254
98862892
170413492
99779002
318920141
1981046
70751461
25293829
129178702
114208942
141834904
1202632447
33028129
39165676
565538897
139086182
355177879
1232735032
791840911
469205662
180471502
436527379
171004772
1130097112
618341362
680122522
326746267
24273029
1115029477
701906779
201392416
7040629
29472004
437621321
83508427
1203221041
133816621
130451629
20451211
57829636
1005873379
494516
733617361
44175301
6958316
140540996
84949096
968330029
555961186
21141254
398875891
278255846
383215771
178161127
423594172
831524591
11642726
696932446
179162986
384379402
393050704
340461466
14517967
1035284257
652453627
765011171
349629347
55372027
64008956
1112103542
962266516
183045412
81811
667823332
65088346
613567966
322719716
776554346
51587404
327283321
25436279
51902767
148703636
1232089621
574418566
53618191
11749129
133702129
17307787
199370497
603173279
1101517517
1216897112
155858341
742800697
202960879
883575704
965999036
31462279
1240642579
554861329
199031177
1171643029
52178221
7332536
579377821
4194857
932925611
304144117
718261852
92759011
589875379
722285029
2762426
328128154
320462587
792238916
17366672
8826302
441446042
1211771836
1196705504
202920586
9148504
6256954
402868306
967714022
1342342
290248372
11642726
14223112
1054483927
776002711
728226367
3409967
2586676
928438687
1216403827
4191961
719133851
965955082
49099096
767712521
113527
1226239004
699997237
681524741
77706812
429025279
66395527
99426152
479895691
78594454
92350846
551236207
87139802
454164592
25244066
169068467
568333756
1008431596
923231936
21050317
137456491
140306377
493812452
217809757
341323129
837161822
134242306
740335961
180547504
1225397266
830097886
529734976
98581862
40738852
206359771
157593382
708064897
317809867
1187720692
1056459562
724948004
5966786
109557004
545837321
79992277
67204622
3088856
1113046972
775884529
2800162
1029785654
159748876
1186941004
1239447367
69826654
491144812
146384606
1034056027
650504416
606651529
226089481
716935912
6119752
910129781
834790231
624934982
394481917
770300876
6564877
215748379
103802437
222109427
235499254
24629672
189005404
360582086
238722176
208968347
821968786
8897872
293752442
577337191
220216592
65809129
1206682
5338279
988857157
1008566329
581865442
1188598147
12617777
183198512
39662872
18146
1193039129
960118111
63455746
68837512
208947904
30917317
50798161
833197432
123284254
151980896
613602997
175097542
335210779
537641237
1241190577
18840592
589291616
105524129
349761577
769123811
40946726
7165006
5582812
556594931
856545356
663299254
725595466
943451642
363838801
303207626
131763262
72186121
681413987
138936116
808241116
848122706
721183232
7138532
2717947
1154088947
6572126
111893321
591250079
348414004
12527516
724186654
1201994966
59869154
676439372
1065211247
437355101
936860542
126524279
671336404
752118721
24847726
1052510141
1154185036
446153257
28113752
753709726
42481154
327155411
884500771
970575712
126572006
2355536
121453906
94098622
570831367
15570991
3766141
548384404
170821
44254
1120703497
516409454
454582
57722141
1184019454
1019916031
31892092
1174840102
116197391
1083195241
76378621
69260566
471720971
392182022
6442256
90471427
68263771
59989582
656107201
846270371
312512501
396760366
8476904
482936582
175340902
834299977
17284261
56844454
344833192
701644531
710550754
84714637
16117004
180902
96431329
14485654
555494447
466635976
224073866
245832052
205973957
681783202
128680904
240670831
617778826
61910629
769437607
201191771
1173434791
703931482
63760279
6137257
445406782
59912932
306145141
368629129
7386247
13705231
24503501
1745647
944842186
623733541
262056172
635158262
573978022
51597562
1233579286
1218723136
153501482
60802879
129371656
755341279
190974197
31059022
478935776
274587896
16242151
123252851
150976
789017951
675005654
147877004
822658204
97071212
587576341
712361386
230620027
19898587
730900262
692347867
845365522
867507032
936817256
8349742
440673829
1158705731
361657066
91835129
370505032
713116496
439042529
1140628204
1072840682
168627431
613883281
11217217
22048121
152626657
156512279
140540996
485675362
412404841
449295277
2997577
292832101
482377331
1144213204
1240742206
550871029
196386472
552598391
2847692
574961006
42039866
572623562
352092917
1622702
70525627
107025766
88837786
347675266
2327404
73441141
2323091
1101705271
781093051
132234454
259657867
12860057
292299932
628758992
496361279
77619571
695327987
870341782
364837579
361226882
1041253796
119317
32356991
611083321
145496212
655817437
68837512
21717346
1206117056
597421462
971060416
1037521
263225041
359267416
622533256
1155386486
33952921
863180476
680233171
428849542
595349272
263798966
22892762
965208017
331750162
640193654
17020696
289766702
55214287
763838156
294382981
193503629
1087528204
169804807
557963716
447737851
12105661
103140704
17901137
83598916
616057652
883701821
388020154
778328786
465628387
1097109904
41136986
628900846
972647566
51556936
1041436342
996878227
16162456
60164966
143727536
63557176
41801797
907443902
637941341
1060047991
604007147
808361737
532113754
86086882
223439231
1191232456
716519441
106470529
1020232207
566952302
734077087
84844852
159331
118449137
340409279
1383617
730709107
21141254
243928829
1012612504
200790781
25407757
101481382
1088601131
277141
1120135447
17823436
694432
3091342
68943154
221288204
161433497
3049216
295208552
378964216
1167483682
1080915761
112192711
578255029
990770356
48132767
1084918072
656397029
401280286
243597629
25279606
46113607
631847927
89345029
771950279
6285286
280856851
819254482
84285637
756896779
1119662182
600605812
238132577
79474529
366243581
635122621
880677497
228220931
359776901
669029911
780934961
530711911
1057241137
85118629
15694004
270595217
6593897
223439231
266423987
593315129
869882906
70288297
8195177
79575421
165083536
364675522
697604629
1031919736
210976612
554794706
1118337572
6550391
66637741
924091546
735955796
22562404
389079461
114723379
149394256
675703942
362598986
290055656
833238254
1107204154
380121379
109734706
407251531
697007117
884164327
1011217907
330566329
227153956
131519872
445556027
1170917029
439576076
371158636
74511529
720234082
319981754
1084871491
478471646
4937654
795705779
672692861
644602466
18988204
732656
1062812461
20985482
546101677
122390836
7256146
575876954
968902211
576997436
1238451797
129838556
727654027
3007379
90727186
74157932
241703092
366027097
942713332
74755879
224709401
2980462
76020616
104408476
825378136
178504
1710326
288132016
124669946
219461726
24742096
49148656
106470529
527134216
56259529
60935281
6550391
87007837
159355879
373669454
21783301
495605387
92666
23485232
104943829
1140246136
1104147529
355844504
934178701
387435367
166357921
16276366
6151279
349338529
183026279
738451666
496581856
27628462
61888376
626420711
578833301
371567431
963319672
605711416
1189232066
237500116
790090877
111579392
660243292
171152752
905698081
267787654
697604629
703143751
51556936
225791876
309917857
1052280751
903656329
602254
340174487
207051076
159713129
16151087
98652082
7097029
284375477
776751406
252753887
79121911
12347966
14777767
9563752
480546502
21882421
217851502
214069087
369090866
119312629
54616
5205152
853485271
1095517837
582138382
1097203591
323482331
271643087
18249862
222088351
3821231
581865442
413324377
39325147
6965779
472058902
12367852
186969454
80410222
687110986
89224762
832014029
355311154
70027696
293049946
188791597
648774232
192207422
768143611
701457241
944494454
306095654
201452629
421704362
131536091
158019754
331312412
797462017
148789876
65614241
279389342
13904902
11987857
993888821
741336766
261552757
659527
39904
7505876
668700736
1118857861
1003237
421704362
1016441329
243254
400912087
323431462
38935901
180604516
252686441
3913004
1233082631
403265801
814807897
1391947
408222452
258133282
77819051
33812977
207091777
654080197
29058877
85340581
65545526
640515737
1055126954
526322791
1195433857
802061327
673793696
401280286
179522827
14957716
522178087
1187477012
1172562952
156264682
7070681
88199122
76626011
6820972
580569851
484958797
596833976
529897736
392714326
59606822
7536904
57453841
68579617
71862067
57561086
225069937
585316006
1113518837
588570896
772657706
641267579
909234047
401336947
1179255331
292807901
656360797
484896512
504618797
183332527
195970504
34632004
87073807
114662797
798061177
671263121
71850079
136364356
385239404
300823657
363892754
776514937
697305841
50075029
2089991
407023247
684666511
176898646
174985279
38399467
1082729846
209623051
795506329
838963204
378441317
886984022
42333802
614023447
181918276
2172571
20604991
442635382
848205079
26912117
85759157
1221687166
179541776
9046
13926004
1028061841
3004927
453622261
36495697
212375746
15570991
838963204
1200328507
58931797
539511977
312562504
91659031
498948256
639728566
56429377
37597457
79235167
21981766
140088692
252978772
253496387
988990576
199950004
899494906
523633342
169786379
336611
899876677
63264377
791164532
668335081
880719466
55266842
181327447
517213204
384739931
907869967
449865011
132641329
47030452
31980004
588948361
380259254
373177541
1113188521
191933029
178784596
126508372
109882901
85510504
6898756
129951382
368004886
53204771
328179391
265524491
66822581
1011262879
486592
1133141816
1044359254
1127009027
62445901
50687347
577303211
1161306722
1146845779
1029740272
416752886
3512576
58855826
1012792522
9217072
980558471
172598911
290441152
1193820817
404061379
279153007
470799956
710965487
1017253066
200911036
856793711
927533986
979407412
332136652
629007247
74255392
1058621092
660025279
29150431
354458626
402414266
593659654
542900677
51506176
192227029
839372879
796144657
25794154
367842127
285019751
58714867
149169629
422023879
140373391
1218032047
121157962
33313204
498348236
129178702
2973142
881097232
414878416
561510317
33911731
36350602
39493829
714401101
261026977
711795316
1045227782
979540192
36359129
930931
529734976
1222873786
104610881
598977967
259065704
111012451
608882857
972338852
4048436
159963442
582786871
470431802
70858561
482654
401875426
753437972
509203829
43212457
2893216
50717557
26736329
1037788462
7244722
73319996
9161341
135358832
963539152
858036026
738105832
100259881
596523071
702169076
7070681
910001792
175809377
189628076
563724254
574994917
371840086
123535622
305082052
70347592
69425437
80283457
266747254
688965761
149567161
11691031
331132246
422663276
557896907
59421352
14517967
151649821
133130404
17603212
578351
1130257
19672129
191874256
131779496
212602511
856628137
755030371
356511754
304958557
19247911
868465327
74194472
1094114032
187395121
848658202
386239322
208477991
27125296
43473151
99031702
416579681
1118384866
954735754
109747
121719004
477265961
6615704
872136731
652489751
31589327
32881996
513777541
314064454
55172261
1123261504
394903357
69743956
260707196
545308801
610524097
37260029
211469896
214628122
279223897
128841379
1196754427
193818517
173920576
953687302
502048829
617111147
789397
718906322
821603917
161397562
60395546
599462626
175247282
99158404
343940879
527621371
203686837
576012712
962047181
47584891
91957142
864011666
218227387
29980897
2995129
1234274771
130888111
897078904
242561326
313488281
179636536
1031783452
1218575029
6235747
33296881
14351404
1056689407
137622346
423623279
3597904
1095377416
551900477
86533591
600328576
6503422
141414154
1200230516
77856482
84727654
669432346
84168826
66153754
7025627
513040529
498127267
222995522
773404786
342369029
705733666
592764097
703406279
711795316
985702201
180471502
280122616
1107345331
506717696
289357597
145104131
866840704
391118497
204252367
730250437
1201602754
70513751
33931
229418911
1081427272
910897904
758142331
174937
246919754
320007052
10948861
39387251
1065349721
1047652426
33952921
765911092
1094675446
793951477
207825079
28876201
96486887
189589129
840438502
350846806
762080321
30213652
44599291
352916029
1246177927
522953971
758960281
2623196
65179654
14239117
719664892
510449177
164756629
28406954
576284276
1227526927
4045591
106018642
236759681
244658261
420688522
578017001
412519727
387296197
234328777
186814786
658427617
26495561
264672529
1188208127
664829881
345463756
234696946
425634077
594004279
107377186
197259454
966746
332678116
360072031
341976629
283946366
1095003004
642844297
381031816
583367404
1028288576
113228677
808281322
510417226
583572367
124717322
1298467
68966641
320563861
7544671
1242486326
143456392
97489667
986901379
830831467
404487904
383132722
1169417342
32276596
48861556
55161757
999693256
146299066
825256252
818971157
1168692032
268436036
106426756
1180032491
406766504
167930302
693501904
227900576
914272942
50556541
889808206
1132999004
79285529
314465582
2250382
410282336
6158296
212932567
447319006
311613131
290055656
185079181
1050996629
1189817372
232082741
25822892
1184944222
273090136
579427
99764876
14362121
784575079
224158552
607975886
1175179441
106353821
140272876
327897637
575741212
264005732
691975802
1189671032
858533204
656541967
181479827
153624157
790925879
677948254
1047652426
382855957
49585862
17656654
55477312
837652916
920526779
593831954
605502601
90952
62826446
658355042
432224102
2874004
2857246
72426631
1185031
161685154
220216592
1001661662
2146
131842
1224852766
470922706
937769779
838307932
1057471067
564765637
177670676
942756754
121080142
9467777
163145017
331930496
55287871
8855737
391174436
4784872
701532154
326899666
60351592
821077027
899155622
1192941436
43342706
45921737
934956904
67948654
853691861
76106954
563791411
160464656
486236521
152818904
3659866
961959454
8325241
888416629
121797029
96029012
173063711
180376522
769516066
193621682
386878837
440392
16811302
163904566
183849901
833360726
9961417
50727629
264787579
597456029
1043217004
294067627
17973011
1131143267
96890161
64769272
547622966
502017142
61577254
1085849902
6095287
7826947
151526
896443654
1232586076
523309777
561376279
688780171
53060452
667238716
408157
201131597
201292081
988101286
1121697931
286119082
45243829
296790067
597041291
288612326
70965742
699772756
910897904
368927867
306343129
545573029
77422
436261492
101481382
196505401
1069369382
262605904
415310611
213655457
192207422
516345181
455159707
18547096
696260587
910556476
25486231
425021591
178331056
775254377
320336017
13857481
40612579
22757632
3116257
120380887
1064934326
856669529
862142051
527394004
76131631
127320904
706259737
747239812
52906042
561644371
473852
847093381
294771341
701831846
45148754
51821291
1028424629
749948357
382026262
510161654
79184821
367570942
378799051
1201161592
1147899656
266816
239312504
527653856
330823504
70680106
457243921
103888906
70063204
21697579
31303829
601923557
390978667
21219356
97461742
1105369672
35512
723121436
517792291
61433071
247297681
4168829
1132237492
589737997
371267626
241857022
592798529
550406432
87153004
405284686
15001504
20317126
696074017
1175179441
9489547
17272504
473227231
10767121
8138596
450675254
774348982
865633637
1142969767
832911706
178784596
9255754
1014638629
668408204
125080837
804827261
176053231
60219826
224412706
79689001
467216597
833115791
21995029
426422207
460090946
397408529
555394457
807356837
21690992
451967146
16088629
76588877
220762579
1178429879
3860032
660061612
983217341
504714107
1079335492
29081752
13873279
888416629
1105651801
13789127
7946092
165811156
988412492
242957947
44034421
456639311
1234970452
74939404
773483447
615320741
14821291
67529632
20132686
20253431
218018522
537805207
3552446
1261667
387240536
2241904
742993427
382440997
18183466
23753279
601611329
160070779
104697686
122390836
1184408786
324959272
488390632
746621404
336610432
342578401
84026167
813718312
485176826
19854452
398904136
155523067
57057904
1006072
8317082
216725791
59956726
456699754
501446947
553862404
634980067
7478779
385711426
26794861
30815176
1131904411
6659426
260615866
378716482
91293829
121828246
51181904
4601062
3355346
92432407
56684629
108538012
99327466
234935327
1127198941
734805281
782872666
392546191
138486404
15531952
680786551
101538376
525674101
192658636
193503629
96417442
955303906
250667246
521499661
13663379
334279297
338351092
543625852
154185581
27874312
8542912
482750129
789772897
103471306
1004483432
396253477
75601957
74352916
312837592
289044947
736493011
11176
681044872
894623851
288372121
733962142
897502529
46546777
611537879
1202240131
8914754
972515254
165047197
8755021
1104476501
1163331731
1242735586
557997122
54397666
1166952206
1078638682
744420406
71168416
1168256954
642199042
340696357
110342941
91835129
1018561546
370205656
242253067
166722931
9823529
1040843126
39582754
16516879
207254621
254330182
1004662726
6954586
1157887504
344570627
380893801
79853204
47166329
30603577
3890656
650432279
645141161
473442607
41683016
92936162
259225066
175134971
378909157
926629726
137688716
483558352
550008362
64701001
332832901
632523529
29625754
937813087
186967
62972254
586959454
731894671
954604666
918339797
484896512
1070710951
947365157
509938081
1177992992
42779
319172746
1245778571
609790504
159838261
642557477
1202436281
893117
5147237
23211892
44996842
840848537
204373654
639549731
311987711
68626471
106894132
1092711127
242539301
249504292
348757256
1213199912
258201451
946886404
50125079
495038846
1070155717
73005487
117834277
661915921
553396547
109423822
21069787
372849779
189238786
722703172
45825952
1130715236
164575154
436054747
386128156
110224129
6854254
1122455891
507832516
71970004
34907191
3066527
362168242
189725461
2702
805589731
1180955701
348018154
297863029
452568656
966614497
376710077
30431702
65339597
173995186
168260341
428205481
1057425079
294261671
558966331
541451779
583572367
17991002
636406327
490330271
35410321
121672201
2958529
207295342
511664056
3966337
78795182
174648706
897841501
165026
574655852
57894181
546928202
743726029
343521367
459969616
830016397
8448106
946320761
237706
58801591
2305879
672221
231845812
750606886
76279777
397775116
41118847
39396127
135918829
573808627
610244581
1139296
2557
35401906
8329322
260821381
612867556
8609176
314164712
102638629
915342292
116410912
630781922
1177507657
229012102
406652422
309146546
523600981
86060641
7740146
1230551246
146709886
524961004
90296642
792318529
26226904
273861907
9174187
1823096
147825416
36069772
8026022
62591267
248433196
103270007
36188779
259931401
718565096
411486329
37027316
137158204
36512786
347886254
121469492
1145265871
18589754
204191737
1902226
87827632
7740146
143880167
1176391766
155452529
272319454
4965977
219943852
582786871
1132237492
264028711
303330766
4962826
201151654
865592029
734613616
436586476
3509926
828387457
140390147
653863204
391622092
50295436
981532972
862100527
222425687
2047277
3785377
395212556
1148714347
56844454
552498662
578085004
80270786
330077972
41911591
24300907
16299196
1032237767
1121271691
644530657
331338154
165465337
168480547
419760826
80207446
191580526
1249975001
890019146
459696682
1071682957
26685166
430051129
2126954
823185601
382994327
70300154
652959454
9303142
46132816
32922556
22054762
82131337
134931379
132999896
4582879
480391507
161613232
118880491
317280646
862142051
803744372
1123403701
338819497
223447
10536346
92038529
364729537
139720687
303811
288204037
48378367
494629879
65797657
321425336
188034529
13176412
12392732
40675691
154976816
677285611
526420129
9498262
787390087
102495404
416810629
11264632
58228237
818404654
49446541
141346892
585452872
1202534362
15160772
1684531
4252987
404402581
103126342
172097629
97336129
83159857
32760466
106572701
322287967
11498411
40838204
139988279
168352076
454134454
317557802
15166279
83741212
122015632
30509767
299206954
6147772
69625901
1205429551
439753997
28975079
126269887
643274647
521628851
670970029
268279
201051379
253608982
523698067
133904
1011127966
206583302
302887579
924994567
1200622504
797142557
189472312
993041896
747278471
9135676
1046874404
483558352
1565566
180300556
57250351
12763879
852659161
629503904
789971627
578017001
3837836
41382254
310839712
286837177
598216756
127177327
648090004
130694029
864968029
251406677
28868602
361388171
789613931
589222957
18889732
239290627
492273754
167637206
764541857
451005562
297350692
1728871
768888506
342316696
1062443657
952202981
242671466
159034696
227004779
771361004
1102597321
355684457
1003542401
341552
1162994107
30572291
87748129
106543504
739066682
295986616
150502576
78531779
535086542
3244879
528758941
807115754
517374029
1194602761
96056731
47721566
680159404
141380521
358436926
225664391
315343942
939242812
156529972
129307322
1188256876
736569772
539413436
1160343052
691343521
46257772
970663831
188131504
327641602
408222452
52649192
45749396
1144404562
250264379
1096220077
351350287
10104761
909361982
1008341779
4784872
121563029
10028482
388800556
729868322
207519379
62836
1041710191
42943279
14068861
47321857
104292904
410053204
924220522
90323521
1157454442
71958007
22227779
764033596
339314276
515285254
27650767
1654
795067627
491897296
613953362
272552879
183389977
970355432
370940704
277430791
167637206
738221101
792756472
801300529
255368701
6077842
6593897
1013377691
149515279
1125158204
9921286
402868306
197895566
44015654
126874486
1114651721
577813016
645967597
600363227
1132808602
150415841
186389779
758297
11412254
222699961
286478017
443647579
276748102
997235471
212313922
121438321
1205331352
110209282
200662
103960991
1034010551
3848926
118402967
21382531
112132801
1058069002
116471954
630000757
1123877756
843968071
369634456
353607122
429259651
566817616
105175757
3244879
353341237
65111167
299892296
558331237
956090857
72800212
85275271
176297254
663918581
1001974996
1134903904
3221992
900852682
987716
24363691
51171787
640587322
1098187546
63433217
228862316
315444404
1768141
645536347
565517
524637029
355817827
1215565472
5690252
307259656
164466317
83482582
211901992
1075018897
1107345331
365702491
678795436
27896716
11165176
2584402
122656954
183562381
173249806
438390856
636227957
879418892
312312529
1225446772
312387511
31129996
207417529
46267391
692682811
601888861
420021637
951635752
44062579
1140007376
194922641
599774296
86100004
38390704
1214037451
50989852
18914326
7336366
333478226
344334404
98469562
1154905831
153431404
615566329
504205891
376298462
341898176
710286896
14324629
1222774879
31644991
156282361
670274192
285951656
324347716
10010576
40459511
1247626129
52782676
80880122
723273562
595659871
22114576
77333267
890398901
125365696
240100742
168866254
34498972
2447579
204030101
177256207
915855802
855138691
627518452
192109402
778407697
1170288011
9731
843516202
59432254
3678829
1080032527
227324504
1127436356
61012582
104018677
357019282
646938436
19578154
966262781
815171254
810655246
83456741
529572241
607069591
124196681
28008871
1119709504
994736107
392966596
866133011
27702847
584187472
1207246954
593521832
955566187
23967427
771753829
552731377
323177177
5526151
136777531
284828779
629858779
366460129
975737401
191991811
92949796
916711972
747471781
580024771
371785547
306194632
716595154
873808111
8195177
197100586
16082957
1194286
27147397
988857157
62300704
15249004
218792
881013277
96142
274822291
142037086
746698691
59345066
364135592
45262856
527329051
1053106672
37078967
804787141
486080611
355897861
388131592
641303392
8300776
974147731
262766351
866507636
297375079
339548771
367218551
654478111
189238786
245876401
34382779
219859966
1016576596
105451504
958322311
78544312
576182432
2043232
820347766
667896427
11637901
458030512
254217427
1212953632
892974931
9229957
59934827
20177129
558832597
686369776
1151112172
625182481
1125395404
415454726
954910552
200590436
25722379
38574937
5779
63568451
9859021
406224757
4909412
85903279
24754
967626037
3487
179144057
760909556
525706526
622321561
640229437
644530657
438983266
12432592
1149887
203061629
1098656251
105277306
457606879
365269907
25822892
690414221
234523654
1241888204
466544332
872094967
38093357
855428204
118880491
74060536
614444041
3017197
188519654
495416504
17805529
22838662
2290871
226663987
131179504
64110827
884626954
785248636
515317357
123944641
134439004
36027317
1207836676
185329379
27859381
971589322
668554462
309146546
136860241
812669771
419558029
107450471
284160881
257021129
7724416
56961802
154730437
201693571
449775029
690897379
54168437
808924754
513392947
140186
73902404
386239322
220195606
139419952
251832904
630004
487234937
394987672
1073442946
516602297
45329482
22919836
1162029737
378248761
1445851
1051592731
97713211
185329379
1129621747
364232
1009599581
280217302
42564152
217642817
608673496
357206357
44090746
424875826
9997157
106280911
245610367
459181361
1107015932
367950629
205081879
545506966
5582812
154484254
1095003004
937856396
10656037
219797062
6824666
1124067406
133522312
509618776
183907432
335107217
628156291
895046896
120800197
639156382
524118877
29074126
3462397
203807956
254758879
632559097
999872122
188733307
155082467
79071601
13434337
79625891
431166296
21849356
221056852
162838082
62871292
680011882
356725406
215769152
362114417
1058713121
504936532
91307342
321095812
215167141
665449922
3488762
1063135217
426685079
487141292
1521641
681672427
891327532
227815186
15520807
618904154
736915246
699211711
3293462
40288777
373970227
355311154
134340637
10185842
250913602
1143687052
28815437
199670137
219880936
204818681
5946077
1047423566
36718166
940109842
921342202
206237896
29695072
324296779
1046462627
215333129
918168379
25657867
182452754
196069504
7014386
513713432
246719792
569581877
87509836
1154136991
110060867
764424551
476493886
175078829
3980432
606860542
1139959627
3232154
54616927
266447071
90296642
493278346
618060062
314565904
1069693132
615180427
963187996
43884397
110105381
104033101
1047240496
1022718152
17431561
433342081
6313682
337285379
235890061
134964236
39130282
441594622
123268552
530125642
431460001
35680129
1067751367
50095046
204778204
1089114457
725519279
155523067
219776096
1103301826
27162136
310914517
148513996
1118261
859445071
440317651
45606026
578119007
783901811
50707486
951199537
409537891
297033752
453501787
860025602
249013087
164466317
763838156
478966726
610419271
218561779
859776779
231824279
624934982
889175536
96167647
828428161
163879
957184382
420601507
5463166
115284521
1061015146
25279606
647262211
283517579
42758129
10001629
1186697404
494252521
1101048202
531787579
400657279
654948529
794230441
611572852
664210129
77121991
237565504
183754036
332807101
117726841
894877666
552166297
944755247
685480852
8038046
1021542601
106237177
320487904
438361246
266608687
47614162
1089347827
5367727
231888881
24468511
571203101
1129336576
35536666
561677887
175060117
161092276
968374037
338793466
283255702
618235867
199510301
433136029
51678862
339262177
28505026
652381382
285545254
350581961
4128502
605815837
241549211
532244252
350740856
83909536
394622372
841135621
616935502
161721121
150589336
622074629
46104004
158517916
1213938902
297814216
177311
209213741
1122834967
25244066
516023876
16014971
102395206
242847742
396563204
642844297
295621771
371349379
5195477
790369162
528921551
1055172892
65408204
286669541
491332879
55529992
945494356
1024437481
335262566
573639257
97783121
801020326
207152836
33722579
638084227
144950852
1138289042
1234026361
24770242
1228529
124385879
849557
67506391
458908661
166430891
641231767
85066447
7834862
227004779
675299626
181918276
3019654
1068074872
456491
644961571
29387612
555327802
515477887
16933291
162531436
52147579
243619702
52004
630320266
178010147
187220926
142779652
807839111
51060566
121002347
675299626
511567
100500754
18117191
151023511
8256017
1925704
6802517
5016529
742068551
861187252
397859737
782872666
15576572
766942
13135376
982906954
597283204
145957156
100217404
166193797
972118372
57271754
88371866
875732176
543658826
5539457
1135285076
566750279
3091342
59847271
720158177
25966822
991081982
28595704
109261154
359428267
94318246
1149481379
672069454
694470547
35410321
10836841
979584454
619995292
18171407
422808661
131049956
574961006
4677212
365891827
584290021
84155852
205649341
40118404
489954557
1194016279
332987722
817282
960907042
191639254
567053327
3039346
13351529
90350404
705433142
386072579
941237579
769986904
360206221
102911032
770614912
1170191254
56642047
15171787
654333401
354062
573808627
128937712
312662522
414993646
402045547
62401207
484554016
12404
882021001
214607404
538526972
350661404
28256404
2835772
228028691
274166237
957490681
948497236
549146371
309345502
883239436
152556779
741490796
235933504
138719497
546035582
111355427
40046776
3428272
935259626
237936206
262170652
479462062
296327341
195713221
5519504
33239782
8588441
789653671
323863976
53846254
750529397
228135481
9459076
110238977
97993001
10981642
335081329
449265301
191815492
30972386
942583072
75258047
179390212
2320936
763720904
1228468529
136876786
1183095047
679421954
800180011
45262856
175640654
1237406879
1128148751
223312412
531037756
470462476
20189836
389665487
963275779
782041927
10711507
427006477
566884957
8605027
965427712
31676821
6655777
597974654
538592611
210853381
828346754
358222762
563892154
84194777
1112999791
84350567
92310079
387602404
422343517
406595387
944972602
3412579
659298829
98666129
318490942
886310254
707763877
681044872
218708156
450765326
228391879
52505629
868173616
1127009027
131909404
245233732
72860557
572285197
473719591
879460831
602254
10476754
78945896
977682091
628404427
676365811
3066527
645536347
136347842
1052556022
129919141
235955227
29918981
73090096
356752117
465109751
222868829
8876792
590596897
222889942
43147406
182242687
756468857
689374147
796024951
284470879
512368067
4594997
480763537
132445951
867507032
885173851
998039504
978832136
134373422
326260741
774585121
19571897
22381396
50516327
17079091
871635629
659516722
11782
78757526
406281766
1006725757
1006277092
268621432
17698276
94661921
368900704
133016206
647442121
33845879
46962587
959548529
59225287
418747331
291985696
951635752
4850056
318137701
227751154
1132856201
673940542
33525767
1042394971
1032919427
25045504
436646
1202289167
90054911
247119797
435641404
662498201
5569454
1017298172
50647081
357206357
75086386
296570836
951461254
143185504
1165358504
479028629
884711081
411830651
427678882
766341676
680270056
178198882
401960482
900131236
875313721
474089029
221077879
33862336
22327904
139703971
346963654
772343254
722779211
366757987
152556779
1065534367
51923146
316575704
756157717
1126154612
965999036
700745767
85929496
1008207061
70739566
23492086
141464611
1282402
239618887
66764791
190446887
192050602
85903279
420949621
210176254
1124778736
866799067
66580031
175809377
1083148697
1565566
405227747
1058161007
458817779
506367577
679901251
402073904
149186902
632416831
81407
291647477
631634654
781923286
1201700801
1127388871
563589952
66776347
163976996
33207176
65476847
548218829
49765277
1211722607
391510154
139403254
874226206
1180858504
155417266
643059454
40802062
31892092
61643857
203767579
285391
70110562
810373412
1133903632
651586951
83598916
1041618904
333943247
718906322
130742536
700446307
313613491
98638036
1969121
22575841
264373516
12159847
29625754
77097154
132023126
346989997
151597579
233939266
23870596
85850857
1168111946
4658879
995717626
34873777
767477432
725862152
271316866
575775146
313763776
645895712
15309812
1184603476
288228046
905017241
118603102
423768829
2357707
641195956
54199667
972118372
361307522
668956754
288684407
11000396
166175566
383049682
4122757
870925981
49138742
23939741
90028072
680380717
7724416
22161154
855552296
173939227
243663851
484024942
10679132
813879686
919497287
926586677
182280872
58747381
963231887
119761027
508183141
270874451
58347004
388131592
368574826
652056329
9633856
1140007376
358570811
100047586
14843077
1101564454
1790779
920569687
512880379
28520129
202618516
336454771
378661441
492995701
298058321
59552242
113575057
122218796
683187131
336973781
4988062
1193381086
202920586
505667702
712738891
1129526686
579684226
418805212
731512126
708253067
388159454
375119746
11250397
332987722
420224546
66038779
410396926
234870302
184752254
513136631
1172708236
45253342
97531562
88305406
33903496
225770626
372713254
377204312
4011529
224751802
215769152
808160707
139536866
37242766
26284876
274049167
9704216
65328166
50405821
348651622
790210136
487953181
322059511
961126247
11982961
410368277
759739691
236411641
27309746
882273022
1141058107
654478111
876318181
1134570431
880006129
121438321
1104476501
96973702
183734866
6976981
660243292
193680722
887026141
654188707
812629456
90740657
1101986932
157628891
119683657
1167145456
19873361
25665031
634502
412749547
644997487
220279556
101880676
277619267
788104552
43277557
50165137
32012002
107597116
802542017
396140879
157220779
11455292
513008497
471352457
413596
125508247
1071405196
513873712
7168792
734766946
29295686
404971571
578459092
843926987
413842066
1218920626
31375082
431724421
19791487
299769856
8990921
76564126
517213204
435818527
358282
1155050017
187666252
1106827726
193365946
35773112
21968507
293703967
121017904
451005562
523374482
676512937
178123376
388967887
4956527
119467154
915599029
85379779
801981226
147481726
128520529
90526
982286327
4352726
299867806
58834129
557295806
755069231
231114251
338117011
125888779
1041390704
146761279
265708879
215229379
8407051
974456732
423681496
399525779
765676279
114042754
18541006
14052952
1478341
3265291
622427404
290658106
251541236
359535521
270176636
1150584436
484305004
33337696
490392904
274634767
691231972
311862826
165465337
28444654
793911629
577745029
103198162
574384672
831850867
649927432
167911
1121461121
263890852
476957056
1140198382
340748566
462642572
277501462
931371221
550041529
518597116
663699962
441951316
13820654
460849621
496865527
1121792662
60780826
309693829
244636141
28952246
112897852
549146371
65671531
1253737
814323547
103975411
16574404
10818227
295937957
6503422
269178004
282875006
12452546
507577592
997235471
977107322
410339629
916711972
798061177
805790441
1044999187
897587266
914828926
381611752
1226585686
9393946
222278071
26459176
467002642
70015862
8030029
384767671
1150824301
1082218027
374216404
30830879
145445041
1004169706
1018245629
38935901
147241381
434933272
121126831
253158752
85379779
151824026
113439454
174144454
89706316
8940107
59170882
243708004
35108011
717125257
77706812
280572517
151928597
24559537
900555581
179674447
6995671
506717696
965647432
72824347
239181257
40010986
194488504
111728827
85040362
393583597
66764791
631208216
693092297
670567132
551634721
96292504
102395206
824078504
402839921
47302402
4531556
23836061
223650676
77407904
380811004
70822852
170893829
32679571
963100217
246364504
351482842
1142396101
302493907
905442736
283565206
71037241
206542651
582616181
719285557
769084591
846064681
283755754
989301922
137954356
65453962
181498879
185483431
71658407
17319556
1194993829
214420987
1248375529
362949154
216101656
71359432
576250327
902551342
277949254
1150104781
17615081
372904396
409337579
247831717
27874312
19316221
309445004
96001297
1098375016
680971061
561271
50195191
175529
499769921
1000543012
715724696
238001654
4065527
668993332
670127746
247853981
1174355417
1233330946
776120902
671519629
27494821
242099011
910129781
1032646736
965647432
476617376
436734236
1080032527
754913797
447468571
25286717
946233754
83056717
3910207
479802754
1224456842
15981032
167948629
298424666
153974927
184529
646434947
227004779
1143734879
794310154
429640642
334227586
299152
967978001
8542912
791244091
10734662
907869967
65248177
149774779
414993646
80182117
396225326
16915837
689596954
72908851
306070912
4516516
1007443829
83237254
528596356
343521367
1176391766
890778737
1126012241
885005557
224900237
837866
103759216
33928204
580365416
723730036
60835966
105378904
846928747
44269346
1090841987
71275831
10879
354938047
218269172
698613511
42149972
690711529
853113472
314691329
650720851
25194352
819841
143727536
164920042
666179752
143676677
396140879
1194260629
10149766
4261741
852906952
213841541
176955079
28384346
123692857
1234175404
328256254
175621912
1549681
1033283071
320386642
21671237
144610522
235933504
71898037
909319336
657339412
803343487
141414154
184713811
534040222
548483761
241703092
281402227
19415797
819699806
1061337629
668810452
11963387
521112187
78031279
698239766
966614497
21089266
196307206
745887377
115862254
246497707
14260471
549179512
4516516
15111254
3507277
377259247
78757526
1230055201
1030148746
121719004
820266757
2250382
17638831
1226486629
9515704
166212029
258769876
1183678841
46325126
876318181
78782629
465780982
963451357
67355422
401138651
646794562
463190267
1077477832
7529141
299035741
489015902
11899882
375722579
117834277
139520161
1008656156
1145792386
399271412
5984071
847505036
54763346
518081956
476000086
25822892
72258232
460515727
1120656154
27725182
124764707
330026587
492179626
96709279
409251746
106106029
5227762
37632151
961170091
485924726
298644581
1136524327
29165704
285545254
51090887
586719641
1231666
145427986
981355754
63196904
1228567666
940630252
179333392
849647254
522727612
34806997
311188879
89385136
315067754
760285516
540136279
1205380451
6865366
989524342
1445851
752390237
309768496
1062305372
79903762
1075312
415166521
203949307
764111779
2627779
64473691
863471347
79827931
369933601
1182462766
469144397
278680637
40648637
880929326
1028333926
648846277
99003557
264833606
54449831
842612827
294698504
294067627
349391396
980115676
928955857
926371447
106908754
48457091
912093406
194113957
536068397
420601507
726662504
495353551
99383852
518725946
173249806
466330531
623592271
810856586
40019932
595107751
1118479457
791522579
378854102
486174154
4558691
195396797
614549212
1133189422
891032006
103341877
784535467
861270257
466
598389716
61944016
964373404
77519927
146641376
1004304154
15800632
817433962
61433071
458787487
803383571
197041027
115466807
655455322
25981237
18401212
767869267
598735711
30893731
636049612
104509654
1039018906
5703754
1151880004
778565531
931673362
248633851
562381954
357340012
5201926
196981477
56440001
208825267
7978016
126063382
573537647
56005237
6543154
136083754
804987751
621792481
62077654
571676392
82683371
353846504
131600977
190856954
161110226
745964626
1034601817
159766751
161020486
533713457
434992261
1053290254
508183141
971060416
840807529
90216029
132511061
428673841
316525381
659226206
566144426
27717736
1238352262
7803226
793353862
177595282
111938204
1218180121
41042
375612937
106018642
421907677
157061227
41227741
11890127
533288812
422808661
722513092
163054712
801660862
84233711
409595132
137622346
2199754
1114510079
141380521
1201504711
99708382
789397
821320186
585658201
430256446
67459921
166996951
55793767
3402137
512336056
43641154
8178991
916241029
723920276
35697026
133702129
27680521
176879837
237630901
589497617
969342466
23981276
121984391
33272404
429699271
9385279
130564721
641733226
898477246
1192355362
993041896
123551341
381087029
385655879
308425867
402102262
28046306
1204693156
408765529
71168416
548417522
484180522
871092931
268158062
47263504
646686667
968066002
84454507
8439887
849564811
982729612
44006272
725557372
311263726
54742417
858906182
916455079
525738952
126794851
8509876
527556404
1009554646
191697991
396732197
119081029
114269404
905868331
749638561
102939727
118080029
633484216
852287542
641482472
407165917
1022582477
29150431
157682162
42260222
553762561
169473256
568907047
31908067
1132237492
912691451
30143731
918254086
961784012
25450546
355684457
226344727
171560027
22831904
100033441
354219037
237761722
34076641
226089481
49000051
381943342
11613791
271666396
242363137
1065765197
261644251
29180981
243178432
1099218829
708968341
1040113246
1072145972
104206267
288132016
907827356
278137906
177388031
170118236
276795157
128664862
1157310106
934351607
160805212
1174355417
489297404
725138404
181746646
190896031
17155154
713494201
972074279
40351637
893735782
846064681
376353331
95876629
77432791
847258031
291188779
680712754
24538516
1142587307
748051861
11326421
37406926
1022265937
456760201
4890629
374599507
161487407
977505221
647766022
324576982
263615242
50065022
563422097
34915547
2776
127672211
538691077
12091
718944241
60055321
665158102
789375512
590242
399073627
819841
5348086
752817004
1167676976
1006725757
5201926
69331201
357259816
984148796
43968754
1232238547
26132836
6406411
967846007
868923829
530549026
221225096
162189056
548020172
26183467
99524887
445974046
27413311
88731182
141851747
93482302
1662577
167893651
269944231
138836117
160267657
19440731
796304279
623804182
169105246
151789177
809930629
266793451
441148957
367923502
231673576
22501987
26875447
787747279
951897529
70656329
6189922
281568316
469910497
43641154
62972254
82992287
72438667
409595132
530223331
268621432
841545826
556761766
1070988622
97503631
476926171
519982877
377616422
193287292
1027789792
347517067
643920442
5853332
237478322
558097
5609576
1055999947
719437279
4492504
73853782
476339546
26002867
95240702
873975337
1228765952
166540376
636263629
715649029
991937
576555904
533452117
30972386
209745922
118942177
846434941
306640231
178217761
28610831
781330216
79436711
557896907
323838526
583401562
199910011
639943201
35806954
342840206
800260022
90579071
4865641
291333592
680306942
134488201
861809887
886183951
932968807
518242916
1043308361
1163814136
628581697
331750162
311388491
258929147
235759756
763642741
13351529
18916
1042486292
816867991
1194260629
1074091727
341506046
424234757
29234482
228434626
155840686
637155754
597110404
472858129
46556426
875481091
404516347
89746504
355204532
58855826
497653927
66153754
4940797
356965841
6179371
629326504
543197281
1005559436
7240916
216812
179087276
909234047
868632041
217517654
342316696
163199212
65225332
40756907
31003876
1143161021
844009156
66441629
530060521
510193597
185136904
448665991
1078406462
465964129
74365111
1187282086
159784627
5449952
1133046607
727654027
412687
380204101
919411522
127097597
420079606
15577
863803831
941671504
59923879
279034877
71061082
122390836
267995977
762080321
333529879
6935951
9664607
629397461
12582637
1088227879
528628871
26212421
67065572
811581617
75528196
1036194527
338013001
965559541
203041477
907571711
89077879
615075202
673206472
107881
702881272
1059311407
269270822
1188112
234675281
677506456
719854597
3810181
50929279
182777641
330386366
925854997
119993287
931198591
900258529
155805379
167509057
138669532
84220732
1049346767
632523529
270060421
264212579
331775921
3991726
197259454
25930802
297253154
1226139961
3249976
923575732
857538992
3600587
1228914677
971413004
61410904
89572421
920827156
105001787
62815237
1020774337
373696792
331157981
564328811
94730731
26699779
1199838592
85785352
135869371
1010498491
19609454
513617276
185811004
15932
178198882
1046737136
1042121032
64292131
15309812
161667172
431136931
595687
194054851
356004587
179484932
249683032
148686391
15039871
190076254
223502654
605433004
429611329
394481917
129870787
1033237612
1405327
6525079
765704
76527007
67902032
180471502
972206561
1072007057
1036923031
434726842
626880937
308227207
562616741
892848154
268922837
109172477
527913772
27398504
47428931
382579292
120179257
578799277
248700754
63286876
215497
11009779
336013927
981754517
24384637
663517807
373560112
1218575029
17155154
197597261
372003727
917011726
60132062
61710496
363811826
283882
111758726
186969454
1140628204
129935261
31153672
3517879
19930142
14663821
695402572
58975231
264629
237696307
842079242
684000592
201352279
5010196
5612926
329204971
1144500247
98947279
777224452
116426171
713985367
678832282
58422646
4400062
124891111
16759156
738912904
969529
313162852
173678204
973794647
422779582
1090748572
878454571
547556779
32526146
624934982
924865537
1036
456488221
81619477
178519961
787628206
6857957
468654421
365296936
366135331
1150632407
2235556
400317661
1235169254
612622507
134455402
249459617
1083334879
12228986
264787579
776948491
668747
182166329
520111879
426977254
52731316
341845879
104119666
28694101
17196181
574893187
796463917
71682352
718110254
820671842
103572029
632985991
609720661
1096782031
569075717
21710756
21922132
207356431
1125205642
23021506
120194761
256454629
461821637
111042254
589531954
313338062
94579382
1047469336
435434806
7533022
417706157
124812101
76502266
1070479586
12839779
271293572
322795937
1045502129
37061746
24995986
1205773279
544615507
816004
296741342
255979252
601507271
681487822
886141852
890905367
346529
46488904
953862004
607836412
318692882
761689966
129050146
829690481
708742426
905910896
943886077
273253754
21108754
254555767
47185756
76626011
783466321
25137596
29687366
402783154
205730471
840233522
760909556
138602
249414946
767790892
504269404
14507192
363542131
870174904
45234317
851338217
675520147
11484029
5492956
401932129
31074787
48970357
13962971
690414221
146367496
131958136
4456606
56801812
16310617
839782654
286789276
140138912
92936162
597940072
1129764346
15078287
707876752
295038487
8973967
46875404
54993829
391258352
56876446
518371702
820226254
756546652
572014577
76898602
76564126
3417806
370750066
13423972
121828246
2438737
127416667
31122106
962924671
580535776
339783347
876485647
65248177
78206272
819375922
8235712
468378922
150693481
8935879
1233430279
1675366
165465337
2083862
742068551
77719279
119668186
214048396
265017754
94882201
61566157
918596954
329127997
630639856
16088629
1004304154
935000147
875899586
263753029
889133366
40531507
1065118936
311563204
822049879
359160202
442813921
92500402
39094904
239246876
869424151
257701754
78506716
389777161
172264642
268598254
1110406376
16799707
1161644101
1196509822
484585147
178954822
514803829
21605452
161038432
221119936
1172611379
212994481
438517
5198701
441119254
68673341
153343829
416060282
735227032
174144454
109202032
797342212
1172901962
419818777
50657146
81004
932796029
1238252731
39316279
223447
269108401
24861827
388661141
725824051
571203101
151858879
84779732
277831379
230212154
241000036
243465212
10095772
342630754
122343904
84467504
819537856
516023876
138486404
674050687
75417622
182051822
1927667
29579587
158945536
445526176
856710922
96681466
214897547
207906637
19012862
2425504
798660562
859818247
291309454
26882779
783030952
5463166
173491879
143236276
460151617
6747302
26670557
176053231
548450641
693254
32308742
766106797
578731232
872596201
452779279
252057379
356111329
713305336
503031622
35057752
62916154
419586997
1987022
571236901
929473171
1194602761
769319926
600883112
135704576
386406101
410872
475259866
1103160907
780579317
871635629
70027696
21141254
12012352
335366152
696260587
79865842
390782947
673426651
53680342
6130252
347939011
945407387
97224541
26934131
821158076
57443122
43921879
288732466
98021002
10449307
109497802
305452687
303577121
785565704
140356636
25365004
286023404
220447504
24974779
57582547
126778927
343495156
255097579
574791466
79499746
41966542
7233307
183830726
1087434931
38093357
213676129
6546772
943252
165592702
857042102
524377921
248098951
52864904
1087481567
27717736
16956577
481911536
18352712
249370279
141767542
672326116
990191752
869924617
512144011
579854486
32413327
916626337
552565147
3935416
669029911
882357037
121002347
465140251
475537381
12115504
1235815471
590253262
716519441
1041573262
17609146
851916004
454285154
12885427
373204861
66257317
673536754
31122106
253518904
1086455806
899664572
411371587
275807842
534062
269479721
925725907
371840086
171930697
1215318952
142425004
672472802
252304417
373915532
13434337
637048666
209629
313813879
39743071
417186056
199870022
202276442
171023266
8784337
355764476
286334416
8090254
968418046
66303371
197915461
390419597
256182931
469297567
1137144206
773247476
551037004
86060641
32332862
417272717
874602577
3782626
115725292
7309577
9511342
1121792662
1034010551
9290206
9506981
848081521
984947537
427094152
1615504
505794916
373122904
71168416
622533256
236824967
488421886
99116161
1049438392
1149289597
24770242
457939717
397549504
127384742
1236710512
506845042
499801537
1158513181
250510537
171115751
167618896
910556476
408937102
101952061
21889037
670860136
713645311
190095752
402357529
9169904
859362154
167070061
954298829
83896582
265432321
18492322
145462097
103615211
346752946
320918446
240035006
647406137
17225516
10154272
481352879
766694062
276066254
615250582
58541611
3399529
197160154
43846931
27621029
963056329
675520147
5653204
112087879
450345067
782793529
542406517
1140675967
86178757
3810181
128809276
114829436
1218525662
272622926
867215482
37053137
15254527
922029154
10389962
1146510556
1194407251
428088431
1099547066
23259611
507768779
1059909862
281876897
974015317
718603006
756974596
360474676
732621782
603069086
456518437
971721571
309246016
926543629
442040512
22582561
232556962
667129129
471659542
276983417
284852647
36975701
381087029
564463201
850554391
546068629
18945091
369770416
4337986
1187379547
89666137
111370351
64156129
6754651
393527486
301658204
563858572
947191051
251294572
13868012
718792571
42333802
378331279
1034101504
220552504
67239407
1026022351
121142396
158767291
823469654
460321
1206804757
386017006
37087579
63884557
18015004
110060867
11047351
903061252
32703829
311912777
310316329
648090004
532472662
903868904
319248547
265639726
182548279
504142382
345621487
69661307
56617
1154425276
836875417
267995977
368384797
4125629
973265141
880173947
579445904
80791117
566110777
483620551
79752136
3544454
933314411
37753706
81517297
620911181
70347592
735380426
238460042
375201922
98347
618200704
1217045117
4637536
995316037
347069032
941411137
533321471
361549496
729142579
602548256
874504
332600737
161919011
1008701071
215561467
1092430654
746698691
845488882
75467
1836487
24412579
7424732
828835256
268667791
672656182
515060561
1105933966
1142491702
567524896
489766754
27650767
591112537
877825951
566783947
7767712
15738856
1231742162
94396
438035602
864011666
433695427
306293626
385267162
77794102
677690521
96445217
1234622587
14777767
466147312
1020141866
6471004
71216146
1518154
97433821
16367782
79209992
40405556
18669106
946494787
449565106
25137596
272669629
979274641
18687442
552432181
291550879
147361529
1233728302
192992482
592626379
76873801
976532722
8940107
38689207
389553829
501351946
22838662
958366091
541780904
1182316879
16950754
518790367
193798829
884626954
649386742
603034357
50035007
56823131
1203221041
57518176
369389791
539380591
821644454
2699327
277831379
72534991
242737562
1135809292
302297167
1418771
1246876954
1117533727
799180211
14879
1216453151
125223226
35032636
3763397
96142
10508821
930508231
293922136
825175001
357152902
293316311
9363629
108655912
100033441
965120146
292735307
1095517837
1100344417
661042981
1190256446
579037466
971633404
408794122
265639726
243399017
218833661
259338926
686999779
89706316
41064454
315796147
148496762
589737997
982242004
36061279
493749601
563489236
399130132
153904741
414820807
412720816
1107110041
44429452
567491206
39298546
849317506
405626404
15615667
570966529
3703282
62557706
108714886
265040777
995628377
107729182
844707754
438302029
768418004
335055442
151406102
409938662
368221954
387630247
268969222
155962
1238899754
377671387
301338976
224137379
397323956
258383279
837530129
733847206
9761572
3260182
852370117
892129921
410139121
557329192
4525537
12784097
126349357
611048362
324576982
15398476
431695037
168076946
322338746
39930517
68439151
781923286
74511529
698987356
129516466
115041697
3444001
192992482
118787992
59705129
51465586
32324821
4797254
651262096
292154879
658318756
319855279
317885506
652562002
979363154
441446042
1009779331
893778061
175172404
1202877677
61955147
10212941
810695512
610908536
540859606
425750791
76687921
10362629
3078922
655889872
2224996
1236213227
82439221
24217321
22314541
789397
22792
388884217
157167586
54418529
35393492
316097797
482532646
111400202
386072579
22281151
882735154
406367287
645787892
1165889617
2061466
153676747
242253067
407736847
976621111
7317226
188675026
543098404
36047
284447027
32028007
102209254
369580079
990948422
929257606
428410357
264511501
275314846
430403131
34324756
1279201
895089206
36342076
756079942
644602466
720575704
158411101
682965362
447199372
838471726
419963672
685925242
387463204
760090556
30042877
252057379
296181292
338169022
183179371
266354741
652562002
149844017
290513461
5586154
1148618486
561510317
7025627
331132246
700296601
20662807
1033692247
936297902
20688529
996833576
129114416
140186
786794947
425721611
899282846
56919116
353873107
164031329
175865636
984907
982286327
236520376
518307307
1208426542
354378754
434638387
70751461
1122029507
38137012
454677091
457909454
319450727
745346746
1052785442
766889867
517727932
1884712
715989562
856214272
245366629
211367081
400459151
1065303562
27250654
166376162
549610436
697940842
423710606
579922597
1132761004
345805552
115497202
1005066196
75737279
1052418382
7946092
17402051
295840651
364513501
297887437
276724576
132153154
231501404
41373157
13527802
893101717
233571692
273581137
887110382
203162404
775451272
45692021
247364404
17190317
636691771
688297754
652345261
28151257
676181926
28218829
1222725427
338273056
741259757
236042129
1164827512
462186407
13481029
109927379
11642726
233587
69531529
784218607
219315097
2593504
270571954
349153526
149688254
245610367
459029851
28098757
1167048829
546167776
328717621
3835066
171782381
400997041
108140572
871927921
158517916
431665654
221119936
236650891
80372182
91131751
906592072
102652957
20830286
36316
843269779
236455132
274517597
1171546216
99116161
336818036
12784097
426334601
954779452
64951504
378496342
625288567
94565629
348466801
220657529
250264379
16128361
18852871
504777652
698351879
1135904617
48782504
484647412
532896982
288780529
1122977137
160572161
198732017
732736622
427181836
358570811
832054822
1099781551
243818404
309469882
694172431
241131781
942800177
427064926
57668431
456941566
335340254
441000452
453110357
26838802
953512616
989702296
1021633004
82631941
1120088116
229097716
20740021
1235218957
17961022
82221077
416262232
251720704
258156004
576929497
562
131130916
586103204
455552021
520692586
26802182
8522257
501636976
54826157
251115256
580024771
993346
300774602
40450516
488828279
595521817
964768702
784733537
818000129
183715697
706259737
913759876
556928626
131357737
140138912
6732616
315595127
1205478652
718603006
84454507
32881996
79386301
219210392
96056731
730900262
587816329
413899607
175865636
27919129
53091361
153256279
161865029
61001536
1123688122
1195384961
74170111
201432557
44769454
676071607
492211001
18889732
491082131
390056416
1022853836
50325529
369172379
1544404
568401187
435582371
698538754
100090027
841754
56695277
866590897
48683779
881433092
545539997
1435666
632025682
768026029
547424417
985657801
168866254
448755862
333323291
484491757
324933779
53929306
455039029
14561107
84753691
2096129
254713736
141818062
1075343501
486330079
232061197
501130312
89920756
438272422
234501997
414878416
479400131
21842746
56823131
75184454
614128582
10001629
84766711
983504
967494067
617919436
549610436
925984096
650865161
983306032
2655361
920054857
54543791
599635766
659335142
10149766
152417071
1153656596
1008911
619256029
22522117
519080311
790687262
144474502
672766222
512752277
438094801
919325761
41464172
41719546
1221588307
1242286936
12214154
471475279
846188092
374298481
30697531
73223152
213696802
925424732
585110737
13398077
893947187
1124921029
1049346767
139770841
6377807
41746954
85929496
432253504
241703092
837611986
1040934379
352331786
532048511
39787661
255413902
132739072
37139272
720537742
199710106
970840081
180870691
113575057
1003721611
543131362
158731654
776869654
18219667
221940847
657992227
1107204154
203101936
432194701
1091402561
776514937
514579241
836343652
142138231
54210079
258087841
4340932
760762
709156631
12422621
1156348096
69213496
739105129
19509382
156919471
745655654
1079056741
314064454
500877076
747162497
966790379
304045471
735879067
858698962
20940157
1204889506
512016001
15138754
567154361
355497781
675079141
171319306
951112306
3744217
302666107
1132380256
154519411
355737802
790846336
71371379
471966727
162838082
110610502
147189904
952508482
162910276
252663961
174499222
15001504
338065004
434638387
1177944454
28550347
286741379
851049397
470217112
1145744516
15626846
501478616
189297154
112897852
236411641
718830487
1104335507
1082962531
119900356
880551596
730441532
123284254
24363691
146572882
24953581
11666866
1139195779
369580079
214234651
64769272
27368902
15320881
15072796
549179512
20145379
265317131
2703976
120877927
1037606236
1191915901
53091361
13171279
787747279
19930142
496897051
1095377416
96987629
584119111
97021
329589976
667056076
161029
6196961
372221971
111629
152347241
309295757
1218180121
600536497
780895441
65431081
612237529
635229547
436763791
122469076
359750077
801060352
843023392
99496672
200290106
466299992
160052887
827736329
138303397
63467012
936471004
680362
675520147
2438737
479771777
498064142
697903481
274171
212685001
627731029
39325147
3381301
15598906
550174207
436143346
613427852
1027971154
855304121
505794916
108832882
650179831
180927754
476370412
372276542
615566329
176635411
33345862
285616951
521887279
47497132
1196118506
128873486
139086182
167948629
1085570311
902211482
445556027
929473171
34258504
179560726
558264406
1079428417
613988404
666325766
503158504
927921661
590562529
11720062
119853904
817191379
281568316
314641156
625465397
546299986
677285611
634267537
1150536466
885510487
33085046
416175676
3116257
308599747
515638442
295402972
241571191
36444454
573842504
1086595654
1544404
189044291
235607779
6880196
35393492
524734211
461882422
1139338981
525414737
13574656
773562112
249258629
823875529
321602842
40091536
198612416
1045822246
34424254
742030027
590768752
296790067
1027381786
142256279
834340826
256726471
49725379
34266782
321247879
816302216
10303531
103413772
774860662
454707247
529149247
530158204
360985016
150919252
822252629
494661332
708646
742646531
725024161
409366192
314942254
929042066
1223665186
471444572
881475079
28339157
26853457
486985237
889302052
29888047
418197661
203021326
406852076
189472312
910513802
453351217
601160476
1106780677
118464529
10550122
2821501
429347557
247297681
144338546
1143017579
173249806
478131427
837571057
331904731
344623132
1129954492
1213052141
99694261
505699504
340018004
212375746
3093829
488859547
152679076
697417879
360582086
722323037
166066201
246630946
491646404
28158761
111101872
12880351
1015810202
220111672
28173772
281710717
9024877
644315254
1288816
281497129
525868666
1031011346
1133046607
260615866
913417912
28557904
883155379
650576557
71646436
481725281
556127926
638763154
59454061
14886697
964329487
867507032
58530791
647838011
811380187
6112757
1026430087
3901822
136331329
997146154
961038562
111669041
186389779
46267391
53256361
130710197
38119547
428937406
249080041
142475641
211943167
637334254
798700529
182682056
204494977
535086542
196465754
419442167
67251004
64439629
648918326
1165841329
678721747
293243654
951853897
162747862
112552507
89907346
130387027
106018642
1045227782
105945847
98273191
1157482
1209164077
574011904
35806954
91686112
732774904
169749526
763251986
794987876
76119292
6586636
10799629
725290742
74182291
122171897
752157506
9268666
384545779
497149279
23643127
10226504
750335692
1209164077
993799654
531168122
81657811
913033279
406595387
130969021
3260182
1031556332
209950787
1194260629
35595704
362760581
297301921
639907426
687333427
1068444652
847093381
322643504
217225747
3632861
404089807
95987441
3573802
46354007
1215318952
700895521
32849566
478193276
346529
47351047
33362197
