  0 00000000000
  1 00000000001
  2 00000000110
  3 00000000111
  4 00000000100
  5 00000000101
  6 00000011010
  7 00000011011
  8 00000011000
  9 00000011001
 10 00000011110
 11 00000011111
 12 00000011100
 13 00000011101
 14 00000010010
 15 00000010011
 16 00000010000
 17 00000010001
 18 00000010110
 19 00000010111
 20 00000010100
 21 00000010101
 22 00001101010
 23 00001101011
 24 00001101000
 25 00001101001
 26 00001101110
 27 00001101111
 28 00001101100
 29 00001101101
 30 00001100010
 31 00001100011
 32 00001100000
 33 00001100001
 34 00001100110
 35 00001100111
 36 00001100100
 37 00001100101
 38 00001111010
 39 00001111011
 40 00001111000
 41 00001111001
 42 00001111110
 43 00001111111
 44 00001111100
 45 00001111101
 46 00001110010
 47 00001110011
 48 00001110000
 49 00001110001
 50 00001110110
 51 00001110111
 52 00001110100
 53 00001110101
 54 00001001010
 55 00001001011
 56 00001001000
 57 00001001001
 58 00001001110
 59 00001001111
 60 00001001100
 61 00001001101
 62 00001000010
 63 00001000011
 64 00001000000
 65 00001000001
 66 00001000110
 67 00001000111
 68 00001000100
 69 00001000101
 70 00001011010
 71 00001011011
 72 00001011000
 73 00001011001
 74 00001011110
 75 00001011111
 76 00001011100
 77 00001011101
 78 00001010010
 79 00001010011
 80 00001010000
 81 00001010001
 82 00001010110
 83 00001010111
 84 00001010100
 85 00001010101
 86 00110101010
 87 00110101011
 88 00110101000
 89 00110101001
 90 00110101110
 91 00110101111
 92 00110101100
 93 00110101101
 94 00110100010
 95 00110100011
 96 00110100000
 97 00110100001
 98 00110100110
 99 00110100111
100 00110100100
101 00110100101
102 00110111010
103 00110111011
104 00110111000
105 00110111001
106 00110111110
107 00110111111
108 00110111100
109 00110111101
110 00110110010
111 00110110011
112 00110110000
113 00110110001
114 00110110110
115 00110110111
116 00110110100
117 00110110101
118 00110001010
119 00110001011
120 00110001000
121 00110001001
122 00110001110
123 00110001111
124 00110001100
125 00110001101
126 00110000010
127 00110000011
128 00110000000
129 00110000001
130 00110000110
131 00110000111
132 00110000100
133 00110000101
134 00110011010
135 00110011011
136 00110011000
137 00110011001
138 00110011110
139 00110011111
140 00110011100
141 00110011101
142 00110010010
143 00110010011
144 00110010000
145 00110010001
146 00110010110
147 00110010111
148 00110010100
149 00110010101
150 00111101010
151 00111101011
152 00111101000
153 00111101001
154 00111101110
155 00111101111
156 00111101100
157 00111101101
158 00111100010
159 00111100011
160 00111100000
161 00111100001
162 00111100110
163 00111100111
164 00111100100
165 00111100101
166 00111111010
167 00111111011
168 00111111000
169 00111111001
170 00111111110
171 00111111111
172 00111111100
173 00111111101
174 00111110010
175 00111110011
176 00111110000
177 00111110001
178 00111110110
179 00111110111
180 00111110100
181 00111110101
182 00111001010
183 00111001011
184 00111001000
185 00111001001
186 00111001110
187 00111001111
188 00111001100
189 00111001101
190 00111000010
191 00111000011
192 00111000000
193 00111000001
194 00111000110
195 00111000111
196 00111000100
197 00111000101
198 00111011010
199 00111011011
200 00111011000
201 00111011001
202 00111011110
203 00111011111
204 00111011100
205 00111011101
206 00111010010
207 00111010011
208 00111010000
209 00111010001
210 00111010110
211 00111010111
212 00111010100
213 00111010101
214 00100101010
215 00100101011
216 00100101000
217 00100101001
218 00100101110
219 00100101111
220 00100101100
221 00100101101
222 00100100010
223 00100100011
224 00100100000
225 00100100001
226 00100100110
227 00100100111
228 00100100100
229 00100100101
230 00100111010
231 00100111011
232 00100111000
233 00100111001
234 00100111110
235 00100111111
236 00100111100
237 00100111101
238 00100110010
239 00100110011
240 00100110000
241 00100110001
242 00100110110
243 00100110111
244 00100110100
245 00100110101
246 00100001010
247 00100001011
248 00100001000
249 00100001001
250 00100001110
251 00100001111
252 00100001100
253 00100001101
254 00100000010
255 00100000011
256 00100000000
257 00100000001
258 00100000110
259 00100000111
260 00100000100
261 00100000101
262 00100011010
263 00100011011
264 00100011000
265 00100011001
266 00100011110
267 00100011111
268 00100011100
269 00100011101
270 00100010010
271 00100010011
272 00100010000
273 00100010001
274 00100010110
275 00100010111
276 00100010100
277 00100010101
278 00101101010
279 00101101011
280 00101101000
281 00101101001
282 00101101110
283 00101101111
284 00101101100
285 00101101101
286 00101100010
287 00101100011
288 00101100000
289 00101100001
290 00101100110
291 00101100111
292 00101100100
293 00101100101
294 00101111010
295 00101111011
296 00101111000
297 00101111001
298 00101111110
299 00101111111
300 00101111100
301 00101111101
302 00101110010
303 00101110011
304 00101110000
305 00101110001
306 00101110110
307 00101110111
308 00101110100
309 00101110101
310 00101001010
311 00101001011
312 00101001000
313 00101001001
314 00101001110
315 00101001111
316 00101001100
317 00101001101
318 00101000010
319 00101000011
320 00101000000
321 00101000001
322 00101000110
323 00101000111
324 00101000100
325 00101000101
326 00101011010
327 00101011011
328 00101011000
329 00101011001
330 00101011110
331 00101011111
332 00101011100
333 00101011101
334 00101010010
335 00101010011
336 00101010000
337 00101010001
338 00101010110
339 00101010111
340 00101010100
341 00101010101
342 11010101010
343 11010101011
344 11010101000
345 11010101001
346 11010101110
347 11010101111
348 11010101100
349 11010101101
350 11010100010
351 11010100011
352 11010100000
353 11010100001
354 11010100110
355 11010100111
356 11010100100
357 11010100101
358 11010111010
359 11010111011
360 11010111000
361 11010111001
362 11010111110
363 11010111111
364 11010111100
365 11010111101
366 11010110010
367 11010110011
368 11010110000
369 11010110001
370 11010110110
371 11010110111
372 11010110100
373 11010110101
374 11010001010
375 11010001011
376 11010001000
377 11010001001
378 11010001110
379 11010001111
380 11010001100
381 11010001101
382 11010000010
383 11010000011
384 11010000000
385 11010000001
386 11010000110
387 11010000111
388 11010000100
389 11010000101
390 11010011010
391 11010011011
392 11010011000
393 11010011001
394 11010011110
395 11010011111
396 11010011100
397 11010011101
398 11010010010
399 11010010011
400 11010010000
401 11010010001
402 11010010110
403 11010010111
404 11010010100
405 11010010101
406 11011101010
407 11011101011
408 11011101000
409 11011101001
410 11011101110
411 11011101111
412 11011101100
413 11011101101
414 11011100010
415 11011100011
416 11011100000
417 11011100001
418 11011100110
419 11011100111
420 11011100100
421 11011100101
422 11011111010
423 11011111011
424 11011111000
425 11011111001
426 11011111110
427 11011111111
428 11011111100
429 11011111101
430 11011110010
431 11011110011
432 11011110000
433 11011110001
434 11011110110
435 11011110111
436 11011110100
437 11011110101
438 11011001010
439 11011001011
440 11011001000
441 11011001001
442 11011001110
443 11011001111
444 11011001100
445 11011001101
446 11011000010
447 11011000011
448 11011000000
449 11011000001
450 11011000110
451 11011000111
452 11011000100
453 11011000101
454 11011011010
455 11011011011
456 11011011000
457 11011011001
458 11011011110
459 11011011111
460 11011011100
461 11011011101
462 11011010010
463 11011010011
464 11011010000
465 11011010001
466 11011010110
467 11011010111
468 11011010100
469 11011010101
470 11000101010
471 11000101011
472 11000101000
473 11000101001
474 11000101110
475 11000101111
476 11000101100
477 11000101101
478 11000100010
479 11000100011
480 11000100000
481 11000100001
482 11000100110
483 11000100111
484 11000100100
485 11000100101
486 11000111010
487 11000111011
488 11000111000
489 11000111001
490 11000111110
491 11000111111
492 11000111100
493 11000111101
494 11000110010
495 11000110011
496 11000110000
497 11000110001
498 11000110110
499 11000110111
500 11000110100
501 11000110101
502 11000001010
503 11000001011
504 11000001000
505 11000001001
506 11000001110
507 11000001111
508 11000001100
509 11000001101
510 11000000010
511 11000000011
512 11000000000
513 11000000001
514 11000000110
515 11000000111
516 11000000100
517 11000000101
518 11000011010
519 11000011011
520 11000011000
521 11000011001
522 11000011110
523 11000011111
524 11000011100
525 11000011101
526 11000010010
527 11000010011
528 11000010000
529 11000010001
530 11000010110
531 11000010111
532 11000010100
533 11000010101
534 11001101010
535 11001101011
536 11001101000
537 11001101001
538 11001101110
539 11001101111
540 11001101100
541 11001101101
542 11001100010
543 11001100011
544 11001100000
545 11001100001
546 11001100110
547 11001100111
548 11001100100
549 11001100101
550 11001111010
551 11001111011
552 11001111000
553 11001111001
554 11001111110
555 11001111111
556 11001111100
557 11001111101
558 11001110010
559 11001110011
560 11001110000
561 11001110001
562 11001110110
563 11001110111
564 11001110100
565 11001110101
566 11001001010
567 11001001011
568 11001001000
569 11001001001
570 11001001110
571 11001001111
572 11001001100
573 11001001101
574 11001000010
575 11001000011
576 11001000000
577 11001000001
578 11001000110
579 11001000111
580 11001000100
581 11001000101
582 11001011010
583 11001011011
584 11001011000
585 11001011001
586 11001011110
587 11001011111
588 11001011100
589 11001011101
590 11001010010
591 11001010011
592 11001010000
593 11001010001
594 11001010110
595 11001010111
596 11001010100
597 11001010101
598 11110101010
599 11110101011
600 11110101000
601 11110101001
602 11110101110
603 11110101111
604 11110101100
605 11110101101
606 11110100010
607 11110100011
608 11110100000
609 11110100001
610 11110100110
611 11110100111
612 11110100100
613 11110100101
614 11110111010
615 11110111011
616 11110111000
617 11110111001
618 11110111110
619 11110111111
620 11110111100
621 11110111101
622 11110110010
623 11110110011
624 11110110000
625 11110110001
626 11110110110
627 11110110111
628 11110110100
629 11110110101
630 11110001010
631 11110001011
632 11110001000
633 11110001001
634 11110001110
635 11110001111
636 11110001100
637 11110001101
638 11110000010
639 11110000011
640 11110000000
641 11110000001
642 11110000110
643 11110000111
644 11110000100
645 11110000101
646 11110011010
647 11110011011
648 11110011000
649 11110011001
650 11110011110
651 11110011111
652 11110011100
653 11110011101
654 11110010010
655 11110010011
656 11110010000
657 11110010001
658 11110010110
659 11110010111
660 11110010100
661 11110010101
662 11111101010
663 11111101011
664 11111101000
665 11111101001
666 11111101110
667 11111101111
668 11111101100
669 11111101101
670 11111100010
671 11111100011
672 11111100000
673 11111100001
674 11111100110
675 11111100111
676 11111100100
677 11111100101
678 11111111010
679 11111111011
680 11111111000
681 11111111001
682 11111111110
683 11111111111
684 11111111100
685 11111111101
686 11111110010
687 11111110011
688 11111110000
689 11111110001
690 11111110110
691 11111110111
692 11111110100
693 11111110101
694 11111001010
695 11111001011
696 11111001000
697 11111001001
698 11111001110
699 11111001111
700 11111001100
701 11111001101
702 11111000010
703 11111000011
704 11111000000
705 11111000001
706 11111000110
707 11111000111
708 11111000100
709 11111000101
710 11111011010
711 11111011011
712 11111011000
713 11111011001
714 11111011110
715 11111011111
716 11111011100
717 11111011101
718 11111010010
719 11111010011
720 11111010000
721 11111010001
722 11111010110
723 11111010111
724 11111010100
725 11111010101
726 11100101010
727 11100101011
728 11100101000
729 11100101001
730 11100101110
731 11100101111
732 11100101100
733 11100101101
734 11100100010
735 11100100011
736 11100100000
737 11100100001
738 11100100110
739 11100100111
740 11100100100
741 11100100101
742 11100111010
743 11100111011
744 11100111000
745 11100111001
746 11100111110
747 11100111111
748 11100111100
749 11100111101
750 11100110010
751 11100110011
752 11100110000
753 11100110001
754 11100110110
755 11100110111
756 11100110100
757 11100110101
758 11100001010
759 11100001011
760 11100001000
761 11100001001
762 11100001110
763 11100001111
764 11100001100
765 11100001101
766 11100000010
767 11100000011
768 11100000000
769 11100000001
770 11100000110
771 11100000111
772 11100000100
773 11100000101
774 11100011010
775 11100011011
776 11100011000
777 11100011001
778 11100011110
779 11100011111
780 11100011100
781 11100011101
782 11100010010
783 11100010011
784 11100010000
785 11100010001
786 11100010110
787 11100010111
788 11100010100
789 11100010101
790 11101101010
791 11101101011
792 11101101000
793 11101101001
794 11101101110
795 11101101111
796 11101101100
797 11101101101
798 11101100010
799 11101100011
800 11101100000
801 11101100001
802 11101100110
803 11101100111
804 11101100100
805 11101100101
806 11101111010
807 11101111011
808 11101111000
809 11101111001
810 11101111110
811 11101111111
812 11101111100
813 11101111101
814 11101110010
815 11101110011
816 11101110000
817 11101110001
818 11101110110
819 11101110111
820 11101110100
821 11101110101
822 11101001010
823 11101001011
824 11101001000
825 11101001001
826 11101001110
827 11101001111
828 11101001100
829 11101001101
830 11101000010
831 11101000011
832 11101000000
833 11101000001
834 11101000110
835 11101000111
836 11101000100
837 11101000101
838 11101011010
839 11101011011
840 11101011000
841 11101011001
842 11101011110
843 11101011111
844 11101011100
845 11101011101
846 11101010010
847 11101010011
848 11101010000
849 11101010001
850 11101010110
851 11101010111
852 11101010100
853 11101010101
854 10010101010
855 10010101011
856 10010101000
857 10010101001
858 10010101110
859 10010101111
860 10010101100
861 10010101101
862 10010100010
863 10010100011
864 10010100000
865 10010100001
866 10010100110
867 10010100111
868 10010100100
869 10010100101
870 10010111010
871 10010111011
872 10010111000
873 10010111001
874 10010111110
875 10010111111
876 10010111100
877 10010111101
878 10010110010
879 10010110011
880 10010110000
881 10010110001
882 10010110110
883 10010110111
884 10010110100
885 10010110101
886 10010001010
887 10010001011
888 10010001000
889 10010001001
890 10010001110
891 10010001111
892 10010001100
893 10010001101
894 10010000010
895 10010000011
896 10010000000
897 10010000001
898 10010000110
899 10010000111
900 10010000100
901 10010000101
902 10010011010
903 10010011011
904 10010011000
905 10010011001
906 10010011110
907 10010011111
908 10010011100
909 10010011101
910 10010010010
911 10010010011
912 10010010000
913 10010010001
914 10010010110
915 10010010111
916 10010010100
917 10010010101
918 10011101010
919 10011101011
920 10011101000
921 10011101001
922 10011101110
923 10011101111
924 10011101100
925 10011101101
926 10011100010
927 10011100011
928 10011100000
929 10011100001
930 10011100110
931 10011100111
932 10011100100
933 10011100101
934 10011111010
935 10011111011
936 10011111000
937 10011111001
938 10011111110
939 10011111111
940 10011111100
941 10011111101
942 10011110010
943 10011110011
944 10011110000
945 10011110001
946 10011110110
947 10011110111
948 10011110100
949 10011110101
950 10011001010
951 10011001011
952 10011001000
953 10011001001
954 10011001110
955 10011001111
956 10011001100
957 10011001101
958 10011000010
959 10011000011
960 10011000000
961 10011000001
962 10011000110
963 10011000111
964 10011000100
965 10011000101
966 10011011010
967 10011011011
968 10011011000
969 10011011001
970 10011011110
971 10011011111
972 10011011100
973 10011011101
974 10011010010
975 10011010011
976 10011010000
977 10011010001
978 10011010110
979 10011010111
980 10011010100
981 10011010101
982 10000101010
983 10000101011
984 10000101000
985 10000101001
986 10000101110
987 10000101111
988 10000101100
989 10000101101
990 10000100010
991 10000100011
992 10000100000
993 10000100001
994 10000100110
995 10000100111
996 10000100100
997 10000100101
998 10000111010
999 10000111011
